1296
45396 47986 49355 49357 47988
45395 47984 49353 49355 47986
45394 47982 49351 49353 47984
45393 47980 49349 49351 47982
45392 47978 49347 49349 47980
45391 47976 49345 49347 47978
45390 47974 49343 49345 47976
45389 47972 49341 49343 47974
45388 47970 49339 49341 47972
45387 47968 49337 49339 47970
45386 47966 49335 49337 47968
45385 47964 49333 49335 47966
45384 47962 49331 49333 47964
45383 47960 49329 49331 47962
45382 47958 49327 49329 47960
45381 47956 49325 49327 47958
45380 47954 49323 49325 47956
45379 47952 49321 49323 47954
45378 47950 49319 49321 47952
45377 47948 49317 49319 47950
45376 47946 49315 49317 47948
45375 47944 49313 49315 47946
45374 47942 49311 49313 47944
45373 47940 49309 49311 47942
45372 47938 49307 49309 47940
45371 47936 49305 49307 47938
45370 47934 49303 49305 47936
45369 47932 49301 49303 47934
45368 47930 49299 49301 47932
45367 47928 49297 49299 47930
45366 47926 49295 49297 47928
45365 47924 49293 49295 47926
45364 47922 49291 49293 47924
45363 47920 49289 49291 47922
45362 47918 49287 49289 47920
45361 47916 49285 49287 47918
44100 46617 47986 47988 46619
44099 46615 47984 47986 46617
44098 46613 47982 47984 46615
44097 46611 47980 47982 46613
44096 46609 47978 47980 46611
44095 46607 47976 47978 46609
44094 46605 47974 47976 46607
44093 46603 47972 47974 46605
44092 46601 47970 47972 46603
44091 46599 47968 47970 46601
44090 46597 47966 47968 46599
44089 46595 47964 47966 46597
44088 46593 47962 47964 46595
44087 46591 47960 47962 46593
44086 46589 47958 47960 46591
44085 46587 47956 47958 46589
44084 46585 47954 47956 46587
44083 46583 47952 47954 46585
44082 46581 47950 47952 46583
44081 46579 47948 47950 46581
44080 46577 47946 47948 46579
44079 46575 47944 47946 46577
44078 46573 47942 47944 46575
44077 46571 47940 47942 46573
44076 46569 47938 47940 46571
44075 46567 47936 47938 46569
44074 46565 47934 47936 46567
44073 46563 47932 47934 46565
44072 46561 47930 47932 46563
44071 46559 47928 47930 46561
44070 46557 47926 47928 46559
44069 46555 47924 47926 46557
44068 46553 47922 47924 46555
44067 46551 47920 47922 46553
44066 46549 47918 47920 46551
44065 46547 47916 47918 46549
42804 45248 46617 46619 45250
42803 45246 46615 46617 45248
42802 45244 46613 46615 45246
42801 45242 46611 46613 45244
42800 45240 46609 46611 45242
42799 45238 46607 46609 45240
42798 45236 46605 46607 45238
42797 45234 46603 46605 45236
42796 45232 46601 46603 45234
42795 45230 46599 46601 45232
42794 45228 46597 46599 45230
42793 45226 46595 46597 45228
42792 45224 46593 46595 45226
42791 45222 46591 46593 45224
42790 45220 46589 46591 45222
42789 45218 46587 46589 45220
42788 45216 46585 46587 45218
42787 45214 46583 46585 45216
42786 45212 46581 46583 45214
42785 45210 46579 46581 45212
42784 45208 46577 46579 45210
42783 45206 46575 46577 45208
42782 45204 46573 46575 45206
42781 45202 46571 46573 45204
42780 45200 46569 46571 45202
42779 45198 46567 46569 45200
42778 45196 46565 46567 45198
42777 45194 46563 46565 45196
42776 45192 46561 46563 45194
42775 45190 46559 46561 45192
42774 45188 46557 46559 45190
42773 45186 46555 46557 45188
42772 45184 46553 46555 45186
42771 45182 46551 46553 45184
42770 45180 46549 46551 45182
42769 45178 46547 46549 45180
41508 43879 45248 45250 43881
41507 43877 45246 45248 43879
41506 43875 45244 45246 43877
41505 43873 45242 45244 43875
41504 43871 45240 45242 43873
41503 43869 45238 45240 43871
41502 43867 45236 45238 43869
41501 43865 45234 45236 43867
41500 43863 45232 45234 43865
41499 43861 45230 45232 43863
41498 43859 45228 45230 43861
41497 43857 45226 45228 43859
41496 43855 45224 45226 43857
41495 43853 45222 45224 43855
41494 43851 45220 45222 43853
41493 43849 45218 45220 43851
41492 43847 45216 45218 43849
41491 43845 45214 45216 43847
41490 43843 45212 45214 43845
41489 43841 45210 45212 43843
41488 43839 45208 45210 43841
41487 43837 45206 45208 43839
41486 43835 45204 45206 43837
41485 43833 45202 45204 43835
41484 43831 45200 45202 43833
41483 43829 45198 45200 43831
41482 43827 45196 45198 43829
41481 43825 45194 45196 43827
41480 43823 45192 45194 43825
41479 43821 45190 45192 43823
41478 43819 45188 45190 43821
41477 43817 45186 45188 43819
41476 43815 45184 45186 43817
41475 43813 45182 45184 43815
41474 43811 45180 45182 43813
41473 43809 45178 45180 43811
40212 42510 43879 43881 42512
40211 42508 43877 43879 42510
40210 42506 43875 43877 42508
40209 42504 43873 43875 42506
40208 42502 43871 43873 42504
40207 42500 43869 43871 42502
40206 42498 43867 43869 42500
40205 42496 43865 43867 42498
40204 42494 43863 43865 42496
40203 42492 43861 43863 42494
40202 42490 43859 43861 42492
40201 42488 43857 43859 42490
40200 42486 43855 43857 42488
40199 42484 43853 43855 42486
40198 42482 43851 43853 42484
40197 42480 43849 43851 42482
40196 42478 43847 43849 42480
40195 42476 43845 43847 42478
40194 42474 43843 43845 42476
40193 42472 43841 43843 42474
40192 42470 43839 43841 42472
40191 42468 43837 43839 42470
40190 42466 43835 43837 42468
40189 42464 43833 43835 42466
40188 42462 43831 43833 42464
40187 42460 43829 43831 42462
40186 42458 43827 43829 42460
40185 42456 43825 43827 42458
40184 42454 43823 43825 42456
40183 42452 43821 43823 42454
40182 42450 43819 43821 42452
40181 42448 43817 43819 42450
40180 42446 43815 43817 42448
40179 42444 43813 43815 42446
40178 42442 43811 43813 42444
40177 42440 43809 43811 42442
38916 41141 42510 42512 41143
38915 41139 42508 42510 41141
38914 41137 42506 42508 41139
38913 41135 42504 42506 41137
38912 41133 42502 42504 41135
38911 41131 42500 42502 41133
38910 41129 42498 42500 41131
38909 41127 42496 42498 41129
38908 41125 42494 42496 41127
38907 41123 42492 42494 41125
38906 41121 42490 42492 41123
38905 41119 42488 42490 41121
38904 41117 42486 42488 41119
38903 41115 42484 42486 41117
38902 41113 42482 42484 41115
38901 41111 42480 42482 41113
38900 41109 42478 42480 41111
38899 41107 42476 42478 41109
38898 41105 42474 42476 41107
38897 41103 42472 42474 41105
38896 41101 42470 42472 41103
38895 41099 42468 42470 41101
38894 41097 42466 42468 41099
38893 41095 42464 42466 41097
38892 41093 42462 42464 41095
38891 41091 42460 42462 41093
38890 41089 42458 42460 41091
38889 41087 42456 42458 41089
38888 41085 42454 42456 41087
38887 41083 42452 42454 41085
38886 41081 42450 42452 41083
38885 41079 42448 42450 41081
38884 41077 42446 42448 41079
38883 41075 42444 42446 41077
38882 41073 42442 42444 41075
38881 41071 42440 42442 41073
37620 39772 41141 41143 39774
37619 39770 41139 41141 39772
37618 39768 41137 41139 39770
37617 39766 41135 41137 39768
37616 39764 41133 41135 39766
37615 39762 41131 41133 39764
37614 39760 41129 41131 39762
37613 39758 41127 41129 39760
37612 39756 41125 41127 39758
37611 39754 41123 41125 39756
37610 39752 41121 41123 39754
37609 39750 41119 41121 39752
37608 39748 41117 41119 39750
37607 39746 41115 41117 39748
37606 39744 41113 41115 39746
37605 39742 41111 41113 39744
37604 39740 41109 41111 39742
37603 39738 41107 41109 39740
37602 39736 41105 41107 39738
37601 39734 41103 41105 39736
37600 39732 41101 41103 39734
37599 39730 41099 41101 39732
37598 39728 41097 41099 39730
37597 39726 41095 41097 39728
37596 39724 41093 41095 39726
37595 39722 41091 41093 39724
37594 39720 41089 41091 39722
37593 39718 41087 41089 39720
37592 39716 41085 41087 39718
37591 39714 41083 41085 39716
37590 39712 41081 41083 39714
37589 39710 41079 41081 39712
37588 39708 41077 41079 39710
37587 39706 41075 41077 39708
37586 39704 41073 41075 39706
37585 39702 41071 41073 39704
36324 38403 39772 39774 38405
36323 38401 39770 39772 38403
36322 38399 39768 39770 38401
36321 38397 39766 39768 38399
36320 38395 39764 39766 38397
36319 38393 39762 39764 38395
36318 38391 39760 39762 38393
36317 38389 39758 39760 38391
36316 38387 39756 39758 38389
36315 38385 39754 39756 38387
36314 38383 39752 39754 38385
36313 38381 39750 39752 38383
36312 38379 39748 39750 38381
36311 38377 39746 39748 38379
36310 38375 39744 39746 38377
36309 38373 39742 39744 38375
36308 38371 39740 39742 38373
36307 38369 39738 39740 38371
36306 38367 39736 39738 38369
36305 38365 39734 39736 38367
36304 38363 39732 39734 38365
36303 38361 39730 39732 38363
36302 38359 39728 39730 38361
36301 38357 39726 39728 38359
36300 38355 39724 39726 38357
36299 38353 39722 39724 38355
36298 38351 39720 39722 38353
36297 38349 39718 39720 38351
36296 38347 39716 39718 38349
36295 38345 39714 39716 38347
36294 38343 39712 39714 38345
36293 38341 39710 39712 38343
36292 38339 39708 39710 38341
36291 38337 39706 39708 38339
36290 38335 39704 39706 38337
36289 38333 39702 39704 38335
35028 37034 38403 38405 37036
35027 37032 38401 38403 37034
35026 37030 38399 38401 37032
35025 37028 38397 38399 37030
35024 37026 38395 38397 37028
35023 37024 38393 38395 37026
35022 37022 38391 38393 37024
35021 37020 38389 38391 37022
35020 37018 38387 38389 37020
35019 37016 38385 38387 37018
35018 37014 38383 38385 37016
35017 37012 38381 38383 37014
35016 37010 38379 38381 37012
35015 37008 38377 38379 37010
35014 37006 38375 38377 37008
35013 37004 38373 38375 37006
35012 37002 38371 38373 37004
35011 37000 38369 38371 37002
35010 36998 38367 38369 37000
35009 36996 38365 38367 36998
35008 36994 38363 38365 36996
35007 36992 38361 38363 36994
35006 36990 38359 38361 36992
35005 36988 38357 38359 36990
35004 36986 38355 38357 36988
35003 36984 38353 38355 36986
35002 36982 38351 38353 36984
35001 36980 38349 38351 36982
35000 36978 38347 38349 36980
34999 36976 38345 38347 36978
34998 36974 38343 38345 36976
34997 36972 38341 38343 36974
34996 36970 38339 38341 36972
34995 36968 38337 38339 36970
34994 36966 38335 38337 36968
34993 36964 38333 38335 36966
33732 35665 37034 37036 35667
33731 35663 37032 37034 35665
33730 35661 37030 37032 35663
33729 35659 37028 37030 35661
33728 35657 37026 37028 35659
33727 35655 37024 37026 35657
33726 35653 37022 37024 35655
33725 35651 37020 37022 35653
33724 35649 37018 37020 35651
33723 35647 37016 37018 35649
33722 35645 37014 37016 35647
33721 35643 37012 37014 35645
33720 35641 37010 37012 35643
33719 35639 37008 37010 35641
33718 35637 37006 37008 35639
33717 35635 37004 37006 35637
33716 35633 37002 37004 35635
33715 35631 37000 37002 35633
33714 35629 36998 37000 35631
33713 35627 36996 36998 35629
33712 35625 36994 36996 35627
33711 35623 36992 36994 35625
33710 35621 36990 36992 35623
33709 35619 36988 36990 35621
33708 35617 36986 36988 35619
33707 35615 36984 36986 35617
33706 35613 36982 36984 35615
33705 35611 36980 36982 35613
33704 35609 36978 36980 35611
33703 35607 36976 36978 35609
33702 35605 36974 36976 35607
33701 35603 36972 36974 35605
33700 35601 36970 36972 35603
33699 35599 36968 36970 35601
33698 35597 36966 36968 35599
33697 35595 36964 36966 35597
32436 34296 35665 35667 34298
32435 34294 35663 35665 34296
32434 34292 35661 35663 34294
32433 34290 35659 35661 34292
32432 34288 35657 35659 34290
32431 34286 35655 35657 34288
32430 34284 35653 35655 34286
32429 34282 35651 35653 34284
32428 34280 35649 35651 34282
32427 34278 35647 35649 34280
32426 34276 35645 35647 34278
32425 34274 35643 35645 34276
32424 34272 35641 35643 34274
32423 34270 35639 35641 34272
32422 34268 35637 35639 34270
32421 34266 35635 35637 34268
32420 34264 35633 35635 34266
32419 34262 35631 35633 34264
32418 34260 35629 35631 34262
32417 34258 35627 35629 34260
32416 34256 35625 35627 34258
32415 34254 35623 35625 34256
32414 34252 35621 35623 34254
32413 34250 35619 35621 34252
32412 34248 35617 35619 34250
32411 34246 35615 35617 34248
32410 34244 35613 35615 34246
32409 34242 35611 35613 34244
32408 34240 35609 35611 34242
32407 34238 35607 35609 34240
32406 34236 35605 35607 34238
32405 34234 35603 35605 34236
32404 34232 35601 35603 34234
32403 34230 35599 35601 34232
32402 34228 35597 35599 34230
32401 34226 35595 35597 34228
31140 32927 34296 34298 32929
31139 32925 34294 34296 32927
31138 32923 34292 34294 32925
31137 32921 34290 34292 32923
31136 32919 34288 34290 32921
31135 32917 34286 34288 32919
31134 32915 34284 34286 32917
31133 32913 34282 34284 32915
31132 32911 34280 34282 32913
31131 32909 34278 34280 32911
31130 32907 34276 34278 32909
31129 32905 34274 34276 32907
31128 32903 34272 34274 32905
31127 32901 34270 34272 32903
31126 32899 34268 34270 32901
31125 32897 34266 34268 32899
31124 32895 34264 34266 32897
31123 32893 34262 34264 32895
31122 32891 34260 34262 32893
31121 32889 34258 34260 32891
31120 32887 34256 34258 32889
31119 32885 34254 34256 32887
31118 32883 34252 34254 32885
31117 32881 34250 34252 32883
31116 32879 34248 34250 32881
31115 32877 34246 34248 32879
31114 32875 34244 34246 32877
31113 32873 34242 34244 32875
31112 32871 34240 34242 32873
31111 32869 34238 34240 32871
31110 32867 34236 34238 32869
31109 32865 34234 34236 32867
31108 32863 34232 34234 32865
31107 32861 34230 34232 32863
31106 32859 34228 34230 32861
31105 32857 34226 34228 32859
29844 31558 32927 32929 31560
29843 31556 32925 32927 31558
29842 31554 32923 32925 31556
29841 31552 32921 32923 31554
29840 31550 32919 32921 31552
29839 31548 32917 32919 31550
29838 31546 32915 32917 31548
29837 31544 32913 32915 31546
29836 31542 32911 32913 31544
29835 31540 32909 32911 31542
29834 31538 32907 32909 31540
29833 31536 32905 32907 31538
29832 31534 32903 32905 31536
29831 31532 32901 32903 31534
29830 31530 32899 32901 31532
29829 31528 32897 32899 31530
29828 31526 32895 32897 31528
29827 31524 32893 32895 31526
29826 31522 32891 32893 31524
29825 31520 32889 32891 31522
29824 31518 32887 32889 31520
29823 31516 32885 32887 31518
29822 31514 32883 32885 31516
29821 31512 32881 32883 31514
29820 31510 32879 32881 31512
29819 31508 32877 32879 31510
29818 31506 32875 32877 31508
29817 31504 32873 32875 31506
29816 31502 32871 32873 31504
29815 31500 32869 32871 31502
29814 31498 32867 32869 31500
29813 31496 32865 32867 31498
29812 31494 32863 32865 31496
29811 31492 32861 32863 31494
29810 31490 32859 32861 31492
29809 31488 32857 32859 31490
28548 30189 31558 31560 30191
28547 30187 31556 31558 30189
28546 30185 31554 31556 30187
28545 30183 31552 31554 30185
28544 30181 31550 31552 30183
28543 30179 31548 31550 30181
28542 30177 31546 31548 30179
28541 30175 31544 31546 30177
28540 30173 31542 31544 30175
28539 30171 31540 31542 30173
28538 30169 31538 31540 30171
28537 30167 31536 31538 30169
28536 30165 31534 31536 30167
28535 30163 31532 31534 30165
28534 30161 31530 31532 30163
28533 30159 31528 31530 30161
28532 30157 31526 31528 30159
28531 30155 31524 31526 30157
28530 30153 31522 31524 30155
28529 30151 31520 31522 30153
28528 30149 31518 31520 30151
28527 30147 31516 31518 30149
28526 30145 31514 31516 30147
28525 30143 31512 31514 30145
28524 30141 31510 31512 30143
28523 30139 31508 31510 30141
28522 30137 31506 31508 30139
28521 30135 31504 31506 30137
28520 30133 31502 31504 30135
28519 30131 31500 31502 30133
28518 30129 31498 31500 30131
28517 30127 31496 31498 30129
28516 30125 31494 31496 30127
28515 30123 31492 31494 30125
28514 30121 31490 31492 30123
28513 30119 31488 31490 30121
27252 28820 30189 30191 28822
27251 28818 30187 30189 28820
27250 28816 30185 30187 28818
27249 28814 30183 30185 28816
27248 28812 30181 30183 28814
27247 28810 30179 30181 28812
27246 28808 30177 30179 28810
27245 28806 30175 30177 28808
27244 28804 30173 30175 28806
27243 28802 30171 30173 28804
27242 28800 30169 30171 28802
27241 28798 30167 30169 28800
27240 28796 30165 30167 28798
27239 28794 30163 30165 28796
27238 28792 30161 30163 28794
27237 28790 30159 30161 28792
27236 28788 30157 30159 28790
27235 28786 30155 30157 28788
27234 28784 30153 30155 28786
27233 28782 30151 30153 28784
27232 28780 30149 30151 28782
27231 28778 30147 30149 28780
27230 28776 30145 30147 28778
27229 28774 30143 30145 28776
27228 28772 30141 30143 28774
27227 28770 30139 30141 28772
27226 28768 30137 30139 28770
27225 28766 30135 30137 28768
27224 28764 30133 30135 28766
27223 28762 30131 30133 28764
27222 28760 30129 30131 28762
27221 28758 30127 30129 28760
27220 28756 30125 30127 28758
27219 28754 30123 30125 28756
27218 28752 30121 30123 28754
27217 28750 30119 30121 28752
25956 27451 28820 28822 27453
25955 27449 28818 28820 27451
25954 27447 28816 28818 27449
25953 27445 28814 28816 27447
25952 27443 28812 28814 27445
25951 27441 28810 28812 27443
25950 27439 28808 28810 27441
25949 27437 28806 28808 27439
25948 27435 28804 28806 27437
25947 27433 28802 28804 27435
25946 27431 28800 28802 27433
25945 27429 28798 28800 27431
25944 27427 28796 28798 27429
25943 27425 28794 28796 27427
25942 27423 28792 28794 27425
25941 27421 28790 28792 27423
25940 27419 28788 28790 27421
25939 27417 28786 28788 27419
25938 27415 28784 28786 27417
25937 27413 28782 28784 27415
25936 27411 28780 28782 27413
25935 27409 28778 28780 27411
25934 27407 28776 28778 27409
25933 27405 28774 28776 27407
25932 27403 28772 28774 27405
25931 27401 28770 28772 27403
25930 27399 28768 28770 27401
25929 27397 28766 28768 27399
25928 27395 28764 28766 27397
25927 27393 28762 28764 27395
25926 27391 28760 28762 27393
25925 27389 28758 28760 27391
25924 27387 28756 28758 27389
25923 27385 28754 28756 27387
25922 27383 28752 28754 27385
25921 27381 28750 28752 27383
24660 26082 27451 27453 26084
24659 26080 27449 27451 26082
24658 26078 27447 27449 26080
24657 26076 27445 27447 26078
24656 26074 27443 27445 26076
24655 26072 27441 27443 26074
24654 26070 27439 27441 26072
24653 26068 27437 27439 26070
24652 26066 27435 27437 26068
24651 26064 27433 27435 26066
24650 26062 27431 27433 26064
24649 26060 27429 27431 26062
24648 26058 27427 27429 26060
24647 26056 27425 27427 26058
24646 26054 27423 27425 26056
24645 26052 27421 27423 26054
24644 26050 27419 27421 26052
24643 26048 27417 27419 26050
24642 26046 27415 27417 26048
24641 26044 27413 27415 26046
24640 26042 27411 27413 26044
24639 26040 27409 27411 26042
24638 26038 27407 27409 26040
24637 26036 27405 27407 26038
24636 26034 27403 27405 26036
24635 26032 27401 27403 26034
24634 26030 27399 27401 26032
24633 26028 27397 27399 26030
24632 26026 27395 27397 26028
24631 26024 27393 27395 26026
24630 26022 27391 27393 26024
24629 26020 27389 27391 26022
24628 26018 27387 27389 26020
24627 26016 27385 27387 26018
24626 26014 27383 27385 26016
24625 26012 27381 27383 26014
23364 24713 26082 26084 24715
23363 24711 26080 26082 24713
23362 24709 26078 26080 24711
23361 24707 26076 26078 24709
23360 24705 26074 26076 24707
23359 24703 26072 26074 24705
23358 24701 26070 26072 24703
23357 24699 26068 26070 24701
23356 24697 26066 26068 24699
23355 24695 26064 26066 24697
23354 24693 26062 26064 24695
23353 24691 26060 26062 24693
23352 24689 26058 26060 24691
23351 24687 26056 26058 24689
23350 24685 26054 26056 24687
23349 24683 26052 26054 24685
23348 24681 26050 26052 24683
23347 24679 26048 26050 24681
23346 24677 26046 26048 24679
23345 24675 26044 26046 24677
23344 24673 26042 26044 24675
23343 24671 26040 26042 24673
23342 24669 26038 26040 24671
23341 24667 26036 26038 24669
23340 24665 26034 26036 24667
23339 24663 26032 26034 24665
23338 24661 26030 26032 24663
23337 24659 26028 26030 24661
23336 24657 26026 26028 24659
23335 24655 26024 26026 24657
23334 24653 26022 26024 24655
23333 24651 26020 26022 24653
23332 24649 26018 26020 24651
23331 24647 26016 26018 24649
23330 24645 26014 26016 24647
23329 24643 26012 26014 24645
22068 23344 24713 24715 23346
22067 23342 24711 24713 23344
22066 23340 24709 24711 23342
22065 23338 24707 24709 23340
22064 23336 24705 24707 23338
22063 23334 24703 24705 23336
22062 23332 24701 24703 23334
22061 23330 24699 24701 23332
22060 23328 24697 24699 23330
22059 23326 24695 24697 23328
22058 23324 24693 24695 23326
22057 23322 24691 24693 23324
22056 23320 24689 24691 23322
22055 23318 24687 24689 23320
22054 23316 24685 24687 23318
22053 23314 24683 24685 23316
22052 23312 24681 24683 23314
22051 23310 24679 24681 23312
22050 23308 24677 24679 23310
22049 23306 24675 24677 23308
22048 23304 24673 24675 23306
22047 23302 24671 24673 23304
22046 23300 24669 24671 23302
22045 23298 24667 24669 23300
22044 23296 24665 24667 23298
22043 23294 24663 24665 23296
22042 23292 24661 24663 23294
22041 23290 24659 24661 23292
22040 23288 24657 24659 23290
22039 23286 24655 24657 23288
22038 23284 24653 24655 23286
22037 23282 24651 24653 23284
22036 23280 24649 24651 23282
22035 23278 24647 24649 23280
22034 23276 24645 24647 23278
22033 23274 24643 24645 23276
20772 21975 23344 23346 21977
20771 21973 23342 23344 21975
20770 21971 23340 23342 21973
20769 21969 23338 23340 21971
20768 21967 23336 23338 21969
20767 21965 23334 23336 21967
20766 21963 23332 23334 21965
20765 21961 23330 23332 21963
20764 21959 23328 23330 21961
20763 21957 23326 23328 21959
20762 21955 23324 23326 21957
20761 21953 23322 23324 21955
20760 21951 23320 23322 21953
20759 21949 23318 23320 21951
20758 21947 23316 23318 21949
20757 21945 23314 23316 21947
20756 21943 23312 23314 21945
20755 21941 23310 23312 21943
20754 21939 23308 23310 21941
20753 21937 23306 23308 21939
20752 21935 23304 23306 21937
20751 21933 23302 23304 21935
20750 21931 23300 23302 21933
20749 21929 23298 23300 21931
20748 21927 23296 23298 21929
20747 21925 23294 23296 21927
20746 21923 23292 23294 21925
20745 21921 23290 23292 21923
20744 21919 23288 23290 21921
20743 21917 23286 23288 21919
20742 21915 23284 23286 21917
20741 21913 23282 23284 21915
20740 21911 23280 23282 21913
20739 21909 23278 23280 21911
20738 21907 23276 23278 21909
20737 21905 23274 23276 21907
19476 20606 21975 21977 20608
19475 20604 21973 21975 20606
19474 20602 21971 21973 20604
19473 20600 21969 21971 20602
19472 20598 21967 21969 20600
19471 20596 21965 21967 20598
19470 20594 21963 21965 20596
19469 20592 21961 21963 20594
19468 20590 21959 21961 20592
19467 20588 21957 21959 20590
19466 20586 21955 21957 20588
19465 20584 21953 21955 20586
19464 20582 21951 21953 20584
19463 20580 21949 21951 20582
19462 20578 21947 21949 20580
19461 20576 21945 21947 20578
19460 20574 21943 21945 20576
19459 20572 21941 21943 20574
19458 20570 21939 21941 20572
19457 20568 21937 21939 20570
19456 20566 21935 21937 20568
19455 20564 21933 21935 20566
19454 20562 21931 21933 20564
19453 20560 21929 21931 20562
19452 20558 21927 21929 20560
19451 20556 21925 21927 20558
19450 20554 21923 21925 20556
19449 20552 21921 21923 20554
19448 20550 21919 21921 20552
19447 20548 21917 21919 20550
19446 20546 21915 21917 20548
19445 20544 21913 21915 20546
19444 20542 21911 21913 20544
19443 20540 21909 21911 20542
19442 20538 21907 21909 20540
19441 20536 21905 21907 20538
18180 19237 20606 20608 19239
18179 19235 20604 20606 19237
18178 19233 20602 20604 19235
18177 19231 20600 20602 19233
18176 19229 20598 20600 19231
18175 19227 20596 20598 19229
18174 19225 20594 20596 19227
18173 19223 20592 20594 19225
18172 19221 20590 20592 19223
18171 19219 20588 20590 19221
18170 19217 20586 20588 19219
18169 19215 20584 20586 19217
18168 19213 20582 20584 19215
18167 19211 20580 20582 19213
18166 19209 20578 20580 19211
18165 19207 20576 20578 19209
18164 19205 20574 20576 19207
18163 19203 20572 20574 19205
18162 19201 20570 20572 19203
18161 19199 20568 20570 19201
18160 19197 20566 20568 19199
18159 19195 20564 20566 19197
18158 19193 20562 20564 19195
18157 19191 20560 20562 19193
18156 19189 20558 20560 19191
18155 19187 20556 20558 19189
18154 19185 20554 20556 19187
18153 19183 20552 20554 19185
18152 19181 20550 20552 19183
18151 19179 20548 20550 19181
18150 19177 20546 20548 19179
18149 19175 20544 20546 19177
18148 19173 20542 20544 19175
18147 19171 20540 20542 19173
18146 19169 20538 20540 19171
18145 19167 20536 20538 19169
16884 17868 19237 19239 17870
16883 17866 19235 19237 17868
16882 17864 19233 19235 17866
16881 17862 19231 19233 17864
16880 17860 19229 19231 17862
16879 17858 19227 19229 17860
16878 17856 19225 19227 17858
16877 17854 19223 19225 17856
16876 17852 19221 19223 17854
16875 17850 19219 19221 17852
16874 17848 19217 19219 17850
16873 17846 19215 19217 17848
16872 17844 19213 19215 17846
16871 17842 19211 19213 17844
16870 17840 19209 19211 17842
16869 17838 19207 19209 17840
16868 17836 19205 19207 17838
16867 17834 19203 19205 17836
16866 17832 19201 19203 17834
16865 17830 19199 19201 17832
16864 17828 19197 19199 17830
16863 17826 19195 19197 17828
16862 17824 19193 19195 17826
16861 17822 19191 19193 17824
16860 17820 19189 19191 17822
16859 17818 19187 19189 17820
16858 17816 19185 19187 17818
16857 17814 19183 19185 17816
16856 17812 19181 19183 17814
16855 17810 19179 19181 17812
16854 17808 19177 19179 17810
16853 17806 19175 19177 17808
16852 17804 19173 19175 17806
16851 17802 19171 19173 17804
16850 17800 19169 19171 17802
16849 17798 19167 19169 17800
15588 16499 17868 17870 16501
15587 16497 17866 17868 16499
15586 16495 17864 17866 16497
15585 16493 17862 17864 16495
15584 16491 17860 17862 16493
15583 16489 17858 17860 16491
15582 16487 17856 17858 16489
15581 16485 17854 17856 16487
15580 16483 17852 17854 16485
15579 16481 17850 17852 16483
15578 16479 17848 17850 16481
15577 16477 17846 17848 16479
15576 16475 17844 17846 16477
15575 16473 17842 17844 16475
15574 16471 17840 17842 16473
15573 16469 17838 17840 16471
15572 16467 17836 17838 16469
15571 16465 17834 17836 16467
15570 16463 17832 17834 16465
15569 16461 17830 17832 16463
15568 16459 17828 17830 16461
15567 16457 17826 17828 16459
15566 16455 17824 17826 16457
15565 16453 17822 17824 16455
15564 16451 17820 17822 16453
15563 16449 17818 17820 16451
15562 16447 17816 17818 16449
15561 16445 17814 17816 16447
15560 16443 17812 17814 16445
15559 16441 17810 17812 16443
15558 16439 17808 17810 16441
15557 16437 17806 17808 16439
15556 16435 17804 17806 16437
15555 16433 17802 17804 16435
15554 16431 17800 17802 16433
15553 16429 17798 17800 16431
14292 15130 16499 16501 15132
14291 15128 16497 16499 15130
14290 15126 16495 16497 15128
14289 15124 16493 16495 15126
14288 15122 16491 16493 15124
14287 15120 16489 16491 15122
14286 15118 16487 16489 15120
14285 15116 16485 16487 15118
14284 15114 16483 16485 15116
14283 15112 16481 16483 15114
14282 15110 16479 16481 15112
14281 15108 16477 16479 15110
14280 15106 16475 16477 15108
14279 15104 16473 16475 15106
14278 15102 16471 16473 15104
14277 15100 16469 16471 15102
14276 15098 16467 16469 15100
14275 15096 16465 16467 15098
14274 15094 16463 16465 15096
14273 15092 16461 16463 15094
14272 15090 16459 16461 15092
14271 15088 16457 16459 15090
14270 15086 16455 16457 15088
14269 15084 16453 16455 15086
14268 15082 16451 16453 15084
14267 15080 16449 16451 15082
14266 15078 16447 16449 15080
14265 15076 16445 16447 15078
14264 15074 16443 16445 15076
14263 15072 16441 16443 15074
14262 15070 16439 16441 15072
14261 15068 16437 16439 15070
14260 15066 16435 16437 15068
14259 15064 16433 16435 15066
14258 15062 16431 16433 15064
14257 15060 16429 16431 15062
12996 13761 15130 15132 13763
12995 13759 15128 15130 13761
12994 13757 15126 15128 13759
12993 13755 15124 15126 13757
12992 13753 15122 15124 13755
12991 13751 15120 15122 13753
12990 13749 15118 15120 13751
12989 13747 15116 15118 13749
12988 13745 15114 15116 13747
12987 13743 15112 15114 13745
12986 13741 15110 15112 13743
12985 13739 15108 15110 13741
12984 13737 15106 15108 13739
12983 13735 15104 15106 13737
12982 13733 15102 15104 13735
12981 13731 15100 15102 13733
12980 13729 15098 15100 13731
12979 13727 15096 15098 13729
12978 13725 15094 15096 13727
12977 13723 15092 15094 13725
12976 13721 15090 15092 13723
12975 13719 15088 15090 13721
12974 13717 15086 15088 13719
12973 13715 15084 15086 13717
12972 13713 15082 15084 13715
12971 13711 15080 15082 13713
12970 13709 15078 15080 13711
12969 13707 15076 15078 13709
12968 13705 15074 15076 13707
12967 13703 15072 15074 13705
12966 13701 15070 15072 13703
12965 13699 15068 15070 13701
12964 13697 15066 15068 13699
12963 13695 15064 15066 13697
12962 13693 15062 15064 13695
12961 13691 15060 15062 13693
11700 12392 13761 13763 12394
11699 12390 13759 13761 12392
11698 12388 13757 13759 12390
11697 12386 13755 13757 12388
11696 12384 13753 13755 12386
11695 12382 13751 13753 12384
11694 12380 13749 13751 12382
11693 12378 13747 13749 12380
11692 12376 13745 13747 12378
11691 12374 13743 13745 12376
11690 12372 13741 13743 12374
11689 12370 13739 13741 12372
11688 12368 13737 13739 12370
11687 12366 13735 13737 12368
11686 12364 13733 13735 12366
11685 12362 13731 13733 12364
11684 12360 13729 13731 12362
11683 12358 13727 13729 12360
11682 12356 13725 13727 12358
11681 12354 13723 13725 12356
11680 12352 13721 13723 12354
11679 12350 13719 13721 12352
11678 12348 13717 13719 12350
11677 12346 13715 13717 12348
11676 12344 13713 13715 12346
11675 12342 13711 13713 12344
11674 12340 13709 13711 12342
11673 12338 13707 13709 12340
11672 12336 13705 13707 12338
11671 12334 13703 13705 12336
11670 12332 13701 13703 12334
11669 12330 13699 13701 12332
11668 12328 13697 13699 12330
11667 12326 13695 13697 12328
11666 12324 13693 13695 12326
11665 12322 13691 13693 12324
10404 11023 12392 12394 11025
10403 11021 12390 12392 11023
10402 11019 12388 12390 11021
10401 11017 12386 12388 11019
10400 11015 12384 12386 11017
10399 11013 12382 12384 11015
10398 11011 12380 12382 11013
10397 11009 12378 12380 11011
10396 11007 12376 12378 11009
10395 11005 12374 12376 11007
10394 11003 12372 12374 11005
10393 11001 12370 12372 11003
10392 10999 12368 12370 11001
10391 10997 12366 12368 10999
10390 10995 12364 12366 10997
10389 10993 12362 12364 10995
10388 10991 12360 12362 10993
10387 10989 12358 12360 10991
10386 10987 12356 12358 10989
10385 10985 12354 12356 10987
10384 10983 12352 12354 10985
10383 10981 12350 12352 10983
10382 10979 12348 12350 10981
10381 10977 12346 12348 10979
10380 10975 12344 12346 10977
10379 10973 12342 12344 10975
10378 10971 12340 12342 10973
10377 10969 12338 12340 10971
10376 10967 12336 12338 10969
10375 10965 12334 12336 10967
10374 10963 12332 12334 10965
10373 10961 12330 12332 10963
10372 10959 12328 12330 10961
10371 10957 12326 12328 10959
10370 10955 12324 12326 10957
10369 10953 12322 12324 10955
9108 9654 11023 11025 9656
9107 9652 11021 11023 9654
9106 9650 11019 11021 9652
9105 9648 11017 11019 9650
9104 9646 11015 11017 9648
9103 9644 11013 11015 9646
9102 9642 11011 11013 9644
9101 9640 11009 11011 9642
9100 9638 11007 11009 9640
9099 9636 11005 11007 9638
9098 9634 11003 11005 9636
9097 9632 11001 11003 9634
9096 9630 10999 11001 9632
9095 9628 10997 10999 9630
9094 9626 10995 10997 9628
9093 9624 10993 10995 9626
9092 9622 10991 10993 9624
9091 9620 10989 10991 9622
9090 9618 10987 10989 9620
9089 9616 10985 10987 9618
9088 9614 10983 10985 9616
9087 9612 10981 10983 9614
9086 9610 10979 10981 9612
9085 9608 10977 10979 9610
9084 9606 10975 10977 9608
9083 9604 10973 10975 9606
9082 9602 10971 10973 9604
9081 9600 10969 10971 9602
9080 9598 10967 10969 9600
9079 9596 10965 10967 9598
9078 9594 10963 10965 9596
9077 9592 10961 10963 9594
9076 9590 10959 10961 9592
9075 9588 10957 10959 9590
9074 9586 10955 10957 9588
9073 9584 10953 10955 9586
7812 8285 9654 9656 8287
7811 8283 9652 9654 8285
7810 8281 9650 9652 8283
7809 8279 9648 9650 8281
7808 8277 9646 9648 8279
7807 8275 9644 9646 8277
7806 8273 9642 9644 8275
7805 8271 9640 9642 8273
7804 8269 9638 9640 8271
7803 8267 9636 9638 8269
7802 8265 9634 9636 8267
7801 8263 9632 9634 8265
7800 8261 9630 9632 8263
7799 8259 9628 9630 8261
7798 8257 9626 9628 8259
7797 8255 9624 9626 8257
7796 8253 9622 9624 8255
7795 8251 9620 9622 8253
7794 8249 9618 9620 8251
7793 8247 9616 9618 8249
7792 8245 9614 9616 8247
7791 8243 9612 9614 8245
7790 8241 9610 9612 8243
7789 8239 9608 9610 8241
7788 8237 9606 9608 8239
7787 8235 9604 9606 8237
7786 8233 9602 9604 8235
7785 8231 9600 9602 8233
7784 8229 9598 9600 8231
7783 8227 9596 9598 8229
7782 8225 9594 9596 8227
7781 8223 9592 9594 8225
7780 8221 9590 9592 8223
7779 8219 9588 9590 8221
7778 8217 9586 9588 8219
7777 8215 9584 9586 8217
6516 6916 8285 8287 6918
6515 6914 8283 8285 6916
6514 6912 8281 8283 6914
6513 6910 8279 8281 6912
6512 6908 8277 8279 6910
6511 6906 8275 8277 6908
6510 6904 8273 8275 6906
6509 6902 8271 8273 6904
6508 6900 8269 8271 6902
6507 6898 8267 8269 6900
6506 6896 8265 8267 6898
6505 6894 8263 8265 6896
6504 6892 8261 8263 6894
6503 6890 8259 8261 6892
6502 6888 8257 8259 6890
6501 6886 8255 8257 6888
6500 6884 8253 8255 6886
6499 6882 8251 8253 6884
6498 6880 8249 8251 6882
6497 6878 8247 8249 6880
6496 6876 8245 8247 6878
6495 6874 8243 8245 6876
6494 6872 8241 8243 6874
6493 6870 8239 8241 6872
6492 6868 8237 8239 6870
6491 6866 8235 8237 6868
6490 6864 8233 8235 6866
6489 6862 8231 8233 6864
6488 6860 8229 8231 6862
6487 6858 8227 8229 6860
6486 6856 8225 8227 6858
6485 6854 8223 8225 6856
6484 6852 8221 8223 6854
6483 6850 8219 8221 6852
6482 6848 8217 8219 6850
6481 6846 8215 8217 6848
5220 5547 6916 6918 5549
5219 5545 6914 6916 5547
5218 5543 6912 6914 5545
5217 5541 6910 6912 5543
5216 5539 6908 6910 5541
5215 5537 6906 6908 5539
5214 5535 6904 6906 5537
5213 5533 6902 6904 5535
5212 5531 6900 6902 5533
5211 5529 6898 6900 5531
5210 5527 6896 6898 5529
5209 5525 6894 6896 5527
5208 5523 6892 6894 5525
5207 5521 6890 6892 5523
5206 5519 6888 6890 5521
5205 5517 6886 6888 5519
5204 5515 6884 6886 5517
5203 5513 6882 6884 5515
5202 5511 6880 6882 5513
5201 5509 6878 6880 5511
5200 5507 6876 6878 5509
5199 5505 6874 6876 5507
5198 5503 6872 6874 5505
5197 5501 6870 6872 5503
5196 5499 6868 6870 5501
5195 5497 6866 6868 5499
5194 5495 6864 6866 5497
5193 5493 6862 6864 5495
5192 5491 6860 6862 5493
5191 5489 6858 6860 5491
5190 5487 6856 6858 5489
5189 5485 6854 6856 5487
5188 5483 6852 6854 5485
5187 5481 6850 6852 5483
5186 5479 6848 6850 5481
5185 5477 6846 6848 5479
3924 4178 5547 5549 4180
3923 4176 5545 5547 4178
3922 4174 5543 5545 4176
3921 4172 5541 5543 4174
3920 4170 5539 5541 4172
3919 4168 5537 5539 4170
3918 4166 5535 5537 4168
3917 4164 5533 5535 4166
3916 4162 5531 5533 4164
3915 4160 5529 5531 4162
3914 4158 5527 5529 4160
3913 4156 5525 5527 4158
3912 4154 5523 5525 4156
3911 4152 5521 5523 4154
3910 4150 5519 5521 4152
3909 4148 5517 5519 4150
3908 4146 5515 5517 4148
3907 4144 5513 5515 4146
3906 4142 5511 5513 4144
3905 4140 5509 5511 4142
3904 4138 5507 5509 4140
3903 4136 5505 5507 4138
3902 4134 5503 5505 4136
3901 4132 5501 5503 4134
3900 4130 5499 5501 4132
3899 4128 5497 5499 4130
3898 4126 5495 5497 4128
3897 4124 5493 5495 4126
3896 4122 5491 5493 4124
3895 4120 5489 5491 4122
3894 4118 5487 5489 4120
3893 4116 5485 5487 4118
3892 4114 5483 5485 4116
3891 4112 5481 5483 4114
3890 4110 5479 5481 4112
3889 4108 5477 5479 4110
2628 2809 4178 4180 2811
2627 2807 4176 4178 2809
2626 2805 4174 4176 2807
2625 2803 4172 4174 2805
2624 2801 4170 4172 2803
2623 2799 4168 4170 2801
2622 2797 4166 4168 2799
2621 2795 4164 4166 2797
2620 2793 4162 4164 2795
2619 2791 4160 4162 2793
2618 2789 4158 4160 2791
2617 2787 4156 4158 2789
2616 2785 4154 4156 2787
2615 2783 4152 4154 2785
2614 2781 4150 4152 2783
2613 2779 4148 4150 2781
2612 2777 4146 4148 2779
2611 2775 4144 4146 2777
2610 2773 4142 4144 2775
2609 2771 4140 4142 2773
2608 2769 4138 4140 2771
2607 2767 4136 4138 2769
2606 2765 4134 4136 2767
2605 2763 4132 4134 2765
2604 2761 4130 4132 2763
2603 2759 4128 4130 2761
2602 2757 4126 4128 2759
2601 2755 4124 4126 2757
2600 2753 4122 4124 2755
2599 2751 4120 4122 2753
2598 2749 4118 4120 2751
2597 2747 4116 4118 2749
2596 2745 4114 4116 2747
2595 2743 4112 4114 2745
2594 2741 4110 4112 2743
2593 2739 4108 4110 2741
1332 142 2809 2811 146
1331 138 2807 2809 142
1330 134 2805 2807 138
1329 130 2803 2805 134
1328 126 2801 2803 130
1327 122 2799 2801 126
1326 118 2797 2799 122
1325 114 2795 2797 118
1324 110 2793 2795 114
1323 106 2791 2793 110
1322 102 2789 2791 106
1321 98 2787 2789 102
1320 94 2785 2787 98
1319 90 2783 2785 94
1318 86 2781 2783 90
1317 82 2779 2781 86
1316 78 2777 2779 82
1315 74 2775 2777 78
1314 70 2773 2775 74
1313 66 2771 2773 70
1312 62 2769 2771 66
1311 58 2767 2769 62
1310 54 2765 2767 58
1309 50 2763 2765 54
1308 46 2761 2763 50
1307 42 2759 2761 46
1306 38 2757 2759 42
1305 34 2755 2757 38
1304 30 2753 2755 34
1303 26 2751 2753 30
1302 22 2749 2751 26
1301 18 2747 2749 22
1300 14 2745 2747 18
1299 10 2743 2745 14
1298 6 2741 2743 10
1297 2 2739 2741 6
36 141 142 146 145
35 137 138 142 141
34 133 134 138 137
33 129 130 134 133
32 125 126 130 129
31 121 122 126 125
30 117 118 122 121
29 113 114 118 117
28 109 110 114 113
27 105 106 110 109
26 101 102 106 105
25 97 98 102 101
24 93 94 98 97
23 89 90 94 93
22 85 86 90 89
21 81 82 86 85
20 77 78 82 81
19 73 74 78 77
18 69 70 74 73
17 65 66 70 69
16 61 62 66 65
15 57 58 62 61
14 53 54 58 57
13 49 50 54 53
12 45 46 50 49
11 41 42 46 45
10 37 38 42 41
9 33 34 38 37
8 29 30 34 33
7 25 26 30 29
6 21 22 26 25
5 17 18 22 21
4 13 14 18 17
3 9 10 14 13
2 5 6 10 9
1 1 2 6 5
