1296
45396 47988 49357 49358 47989
44100 46619 47988 47989 46620
42804 45250 46619 46620 45251
41508 43881 45250 45251 43882
40212 42512 43881 43882 42513
38916 41143 42512 42513 41144
37620 39774 41143 41144 39775
36324 38405 39774 39775 38406
35028 37036 38405 38406 37037
33732 35667 37036 37037 35668
32436 34298 35667 35668 34299
31140 32929 34298 34299 32930
29844 31560 32929 32930 31561
28548 30191 31560 31561 30192
27252 28822 30191 30192 28823
25956 27453 28822 28823 27454
24660 26084 27453 27454 26085
23364 24715 26084 26085 24716
22068 23346 24715 24716 23347
20772 21977 23346 23347 21978
19476 20608 21977 21978 20609
18180 19239 20608 20609 19240
16884 17870 19239 19240 17871
15588 16501 17870 17871 16502
14292 15132 16501 16502 15133
12996 13763 15132 15133 13764
11700 12394 13763 13764 12395
10404 11025 12394 12395 11026
9108 9656 11025 11026 9657
7812 8287 9656 9657 8288
6516 6918 8287 8288 6919
5220 5549 6918 6919 5550
3924 4180 5549 5550 4181
2628 2811 4180 4181 2812
1332 146 2811 2812 147
36 145 146 147 148
45432 47989 49358 49395 48026
44136 46620 47989 48026 46657
42840 45251 46620 46657 45288
41544 43882 45251 45288 43919
40248 42513 43882 43919 42550
38952 41144 42513 42550 41181
37656 39775 41144 41181 39812
36360 38406 39775 39812 38443
35064 37037 38406 38443 37074
33768 35668 37037 37074 35705
32472 34299 35668 35705 34336
31176 32930 34299 34336 32967
29880 31561 32930 32967 31598
28584 30192 31561 31598 30229
27288 28823 30192 30229 28860
25992 27454 28823 28860 27491
24696 26085 27454 27491 26122
23400 24716 26085 26122 24753
22104 23347 24716 24753 23384
20808 21978 23347 23384 22015
19512 20609 21978 22015 20646
18216 19240 20609 20646 19277
16920 17871 19240 19277 17908
15624 16502 17871 17908 16539
14328 15133 16502 16539 15170
13032 13764 15133 15170 13801
11736 12395 13764 13801 12432
10440 11026 12395 12432 11063
9144 9657 11026 11063 9694
7848 8288 9657 9694 8325
6552 6919 8288 8325 6956
5256 5550 6919 6956 5587
3960 4181 5550 5587 4218
2664 2812 4181 4218 2849
1368 147 2812 2849 221
72 148 147 221 222
45468 48026 49395 49432 48063
44172 46657 48026 48063 46694
42876 45288 46657 46694 45325
41580 43919 45288 45325 43956
40284 42550 43919 43956 42587
38988 41181 42550 42587 41218
37692 39812 41181 41218 39849
36396 38443 39812 39849 38480
35100 37074 38443 38480 37111
33804 35705 37074 37111 35742
32508 34336 35705 35742 34373
31212 32967 34336 34373 33004
29916 31598 32967 33004 31635
28620 30229 31598 31635 30266
27324 28860 30229 30266 28897
26028 27491 28860 28897 27528
24732 26122 27491 27528 26159
23436 24753 26122 26159 24790
22140 23384 24753 24790 23421
20844 22015 23384 23421 22052
19548 20646 22015 22052 20683
18252 19277 20646 20683 19314
16956 17908 19277 19314 17945
15660 16539 17908 17945 16576
14364 15170 16539 16576 15207
13068 13801 15170 15207 13838
11772 12432 13801 13838 12469
10476 11063 12432 12469 11100
9180 9694 11063 11100 9731
7884 8325 9694 9731 8362
6588 6956 8325 8362 6993
5292 5587 6956 6993 5624
3996 4218 5587 5624 4255
2700 2849 4218 4255 2886
1404 221 2849 2886 295
108 222 221 295 296
45504 48063 49432 49469 48100
44208 46694 48063 48100 46731
42912 45325 46694 46731 45362
41616 43956 45325 45362 43993
40320 42587 43956 43993 42624
39024 41218 42587 42624 41255
37728 39849 41218 41255 39886
36432 38480 39849 39886 38517
35136 37111 38480 38517 37148
33840 35742 37111 37148 35779
32544 34373 35742 35779 34410
31248 33004 34373 34410 33041
29952 31635 33004 33041 31672
28656 30266 31635 31672 30303
27360 28897 30266 30303 28934
26064 27528 28897 28934 27565
24768 26159 27528 27565 26196
23472 24790 26159 26196 24827
22176 23421 24790 24827 23458
20880 22052 23421 23458 22089
19584 20683 22052 22089 20720
18288 19314 20683 20720 19351
16992 17945 19314 19351 17982
15696 16576 17945 17982 16613
14400 15207 16576 16613 15244
13104 13838 15207 15244 13875
11808 12469 13838 13875 12506
10512 11100 12469 12506 11137
9216 9731 11100 11137 9768
7920 8362 9731 9768 8399
6624 6993 8362 8399 7030
5328 5624 6993 7030 5661
4032 4255 5624 5661 4292
2736 2886 4255 4292 2923
1440 295 2886 2923 369
144 296 295 369 370
45540 48100 49469 49506 48137
44244 46731 48100 48137 46768
42948 45362 46731 46768 45399
41652 43993 45362 45399 44030
40356 42624 43993 44030 42661
39060 41255 42624 42661 41292
37764 39886 41255 41292 39923
36468 38517 39886 39923 38554
35172 37148 38517 38554 37185
33876 35779 37148 37185 35816
32580 34410 35779 35816 34447
31284 33041 34410 34447 33078
29988 31672 33041 33078 31709
28692 30303 31672 31709 30340
27396 28934 30303 30340 28971
26100 27565 28934 28971 27602
24804 26196 27565 27602 26233
23508 24827 26196 26233 24864
22212 23458 24827 24864 23495
20916 22089 23458 23495 22126
19620 20720 22089 22126 20757
18324 19351 20720 20757 19388
17028 17982 19351 19388 18019
15732 16613 17982 18019 16650
14436 15244 16613 16650 15281
13140 13875 15244 15281 13912
11844 12506 13875 13912 12543
10548 11137 12506 12543 11174
9252 9768 11137 11174 9805
7956 8399 9768 9805 8436
6660 7030 8399 8436 7067
5364 5661 7030 7067 5698
4068 4292 5661 5698 4329
2772 2923 4292 4329 2960
1476 369 2923 2960 443
180 370 369 443 444
45576 48137 49506 49543 48174
44280 46768 48137 48174 46805
42984 45399 46768 46805 45436
41688 44030 45399 45436 44067
40392 42661 44030 44067 42698
39096 41292 42661 42698 41329
37800 39923 41292 41329 39960
36504 38554 39923 39960 38591
35208 37185 38554 38591 37222
33912 35816 37185 37222 35853
32616 34447 35816 35853 34484
31320 33078 34447 34484 33115
30024 31709 33078 33115 31746
28728 30340 31709 31746 30377
27432 28971 30340 30377 29008
26136 27602 28971 29008 27639
24840 26233 27602 27639 26270
23544 24864 26233 26270 24901
22248 23495 24864 24901 23532
20952 22126 23495 23532 22163
19656 20757 22126 22163 20794
18360 19388 20757 20794 19425
17064 18019 19388 19425 18056
15768 16650 18019 18056 16687
14472 15281 16650 16687 15318
13176 13912 15281 15318 13949
11880 12543 13912 13949 12580
10584 11174 12543 12580 11211
9288 9805 11174 11211 9842
7992 8436 9805 9842 8473
6696 7067 8436 8473 7104
5400 5698 7067 7104 5735
4104 4329 5698 5735 4366
2808 2960 4329 4366 2997
1512 443 2960 2997 517
216 444 443 517 518
45612 48174 49543 49580 48211
44316 46805 48174 48211 46842
43020 45436 46805 46842 45473
41724 44067 45436 45473 44104
40428 42698 44067 44104 42735
39132 41329 42698 42735 41366
37836 39960 41329 41366 39997
36540 38591 39960 39997 38628
35244 37222 38591 38628 37259
33948 35853 37222 37259 35890
32652 34484 35853 35890 34521
31356 33115 34484 34521 33152
30060 31746 33115 33152 31783
28764 30377 31746 31783 30414
27468 29008 30377 30414 29045
26172 27639 29008 29045 27676
24876 26270 27639 27676 26307
23580 24901 26270 26307 24938
22284 23532 24901 24938 23569
20988 22163 23532 23569 22200
19692 20794 22163 22200 20831
18396 19425 20794 20831 19462
17100 18056 19425 19462 18093
15804 16687 18056 18093 16724
14508 15318 16687 16724 15355
13212 13949 15318 15355 13986
11916 12580 13949 13986 12617
10620 11211 12580 12617 11248
9324 9842 11211 11248 9879
8028 8473 9842 9879 8510
6732 7104 8473 8510 7141
5436 5735 7104 7141 5772
4140 4366 5735 5772 4403
2844 2997 4366 4403 3034
1548 517 2997 3034 591
252 518 517 591 592
45648 48211 49580 49617 48248
44352 46842 48211 48248 46879
43056 45473 46842 46879 45510
41760 44104 45473 45510 44141
40464 42735 44104 44141 42772
39168 41366 42735 42772 41403
37872 39997 41366 41403 40034
36576 38628 39997 40034 38665
35280 37259 38628 38665 37296
33984 35890 37259 37296 35927
32688 34521 35890 35927 34558
31392 33152 34521 34558 33189
30096 31783 33152 33189 31820
28800 30414 31783 31820 30451
27504 29045 30414 30451 29082
26208 27676 29045 29082 27713
24912 26307 27676 27713 26344
23616 24938 26307 26344 24975
22320 23569 24938 24975 23606
21024 22200 23569 23606 22237
19728 20831 22200 22237 20868
18432 19462 20831 20868 19499
17136 18093 19462 19499 18130
15840 16724 18093 18130 16761
14544 15355 16724 16761 15392
13248 13986 15355 15392 14023
11952 12617 13986 14023 12654
10656 11248 12617 12654 11285
9360 9879 11248 11285 9916
8064 8510 9879 9916 8547
6768 7141 8510 8547 7178
5472 5772 7141 7178 5809
4176 4403 5772 5809 4440
2880 3034 4403 4440 3071
1584 591 3034 3071 665
288 592 591 665 666
45684 48248 49617 49654 48285
44388 46879 48248 48285 46916
43092 45510 46879 46916 45547
41796 44141 45510 45547 44178
40500 42772 44141 44178 42809
39204 41403 42772 42809 41440
37908 40034 41403 41440 40071
36612 38665 40034 40071 38702
35316 37296 38665 38702 37333
34020 35927 37296 37333 35964
32724 34558 35927 35964 34595
31428 33189 34558 34595 33226
30132 31820 33189 33226 31857
28836 30451 31820 31857 30488
27540 29082 30451 30488 29119
26244 27713 29082 29119 27750
24948 26344 27713 27750 26381
23652 24975 26344 26381 25012
22356 23606 24975 25012 23643
21060 22237 23606 23643 22274
19764 20868 22237 22274 20905
18468 19499 20868 20905 19536
17172 18130 19499 19536 18167
15876 16761 18130 18167 16798
14580 15392 16761 16798 15429
13284 14023 15392 15429 14060
11988 12654 14023 14060 12691
10692 11285 12654 12691 11322
9396 9916 11285 11322 9953
8100 8547 9916 9953 8584
6804 7178 8547 8584 7215
5508 5809 7178 7215 5846
4212 4440 5809 5846 4477
2916 3071 4440 4477 3108
1620 665 3071 3108 739
324 666 665 739 740
45720 48285 49654 49691 48322
44424 46916 48285 48322 46953
43128 45547 46916 46953 45584
41832 44178 45547 45584 44215
40536 42809 44178 44215 42846
39240 41440 42809 42846 41477
37944 40071 41440 41477 40108
36648 38702 40071 40108 38739
35352 37333 38702 38739 37370
34056 35964 37333 37370 36001
32760 34595 35964 36001 34632
31464 33226 34595 34632 33263
30168 31857 33226 33263 31894
28872 30488 31857 31894 30525
27576 29119 30488 30525 29156
26280 27750 29119 29156 27787
24984 26381 27750 27787 26418
23688 25012 26381 26418 25049
22392 23643 25012 25049 23680
21096 22274 23643 23680 22311
19800 20905 22274 22311 20942
18504 19536 20905 20942 19573
17208 18167 19536 19573 18204
15912 16798 18167 18204 16835
14616 15429 16798 16835 15466
13320 14060 15429 15466 14097
12024 12691 14060 14097 12728
10728 11322 12691 12728 11359
9432 9953 11322 11359 9990
8136 8584 9953 9990 8621
6840 7215 8584 8621 7252
5544 5846 7215 7252 5883
4248 4477 5846 5883 4514
2952 3108 4477 4514 3145
1656 739 3108 3145 813
360 740 739 813 814
45756 48322 49691 49728 48359
44460 46953 48322 48359 46990
43164 45584 46953 46990 45621
41868 44215 45584 45621 44252
40572 42846 44215 44252 42883
39276 41477 42846 42883 41514
37980 40108 41477 41514 40145
36684 38739 40108 40145 38776
35388 37370 38739 38776 37407
34092 36001 37370 37407 36038
32796 34632 36001 36038 34669
31500 33263 34632 34669 33300
30204 31894 33263 33300 31931
28908 30525 31894 31931 30562
27612 29156 30525 30562 29193
26316 27787 29156 29193 27824
25020 26418 27787 27824 26455
23724 25049 26418 26455 25086
22428 23680 25049 25086 23717
21132 22311 23680 23717 22348
19836 20942 22311 22348 20979
18540 19573 20942 20979 19610
17244 18204 19573 19610 18241
15948 16835 18204 18241 16872
14652 15466 16835 16872 15503
13356 14097 15466 15503 14134
12060 12728 14097 14134 12765
10764 11359 12728 12765 11396
9468 9990 11359 11396 10027
8172 8621 9990 10027 8658
6876 7252 8621 8658 7289
5580 5883 7252 7289 5920
4284 4514 5883 5920 4551
2988 3145 4514 4551 3182
1692 813 3145 3182 887
396 814 813 887 888
45792 48359 49728 49765 48396
44496 46990 48359 48396 47027
43200 45621 46990 47027 45658
41904 44252 45621 45658 44289
40608 42883 44252 44289 42920
39312 41514 42883 42920 41551
38016 40145 41514 41551 40182
36720 38776 40145 40182 38813
35424 37407 38776 38813 37444
34128 36038 37407 37444 36075
32832 34669 36038 36075 34706
31536 33300 34669 34706 33337
30240 31931 33300 33337 31968
28944 30562 31931 31968 30599
27648 29193 30562 30599 29230
26352 27824 29193 29230 27861
25056 26455 27824 27861 26492
23760 25086 26455 26492 25123
22464 23717 25086 25123 23754
21168 22348 23717 23754 22385
19872 20979 22348 22385 21016
18576 19610 20979 21016 19647
17280 18241 19610 19647 18278
15984 16872 18241 18278 16909
14688 15503 16872 16909 15540
13392 14134 15503 15540 14171
12096 12765 14134 14171 12802
10800 11396 12765 12802 11433
9504 10027 11396 11433 10064
8208 8658 10027 10064 8695
6912 7289 8658 8695 7326
5616 5920 7289 7326 5957
4320 4551 5920 5957 4588
3024 3182 4551 4588 3219
1728 887 3182 3219 961
432 888 887 961 962
45828 48396 49765 49802 48433
44532 47027 48396 48433 47064
43236 45658 47027 47064 45695
41940 44289 45658 45695 44326
40644 42920 44289 44326 42957
39348 41551 42920 42957 41588
38052 40182 41551 41588 40219
36756 38813 40182 40219 38850
35460 37444 38813 38850 37481
34164 36075 37444 37481 36112
32868 34706 36075 36112 34743
31572 33337 34706 34743 33374
30276 31968 33337 33374 32005
28980 30599 31968 32005 30636
27684 29230 30599 30636 29267
26388 27861 29230 29267 27898
25092 26492 27861 27898 26529
23796 25123 26492 26529 25160
22500 23754 25123 25160 23791
21204 22385 23754 23791 22422
19908 21016 22385 22422 21053
18612 19647 21016 21053 19684
17316 18278 19647 19684 18315
16020 16909 18278 18315 16946
14724 15540 16909 16946 15577
13428 14171 15540 15577 14208
12132 12802 14171 14208 12839
10836 11433 12802 12839 11470
9540 10064 11433 11470 10101
8244 8695 10064 10101 8732
6948 7326 8695 8732 7363
5652 5957 7326 7363 5994
4356 4588 5957 5994 4625
3060 3219 4588 4625 3256
1764 961 3219 3256 1035
468 962 961 1035 1036
45864 48433 49802 49839 48470
44568 47064 48433 48470 47101
43272 45695 47064 47101 45732
41976 44326 45695 45732 44363
40680 42957 44326 44363 42994
39384 41588 42957 42994 41625
38088 40219 41588 41625 40256
36792 38850 40219 40256 38887
35496 37481 38850 38887 37518
34200 36112 37481 37518 36149
32904 34743 36112 36149 34780
31608 33374 34743 34780 33411
30312 32005 33374 33411 32042
29016 30636 32005 32042 30673
27720 29267 30636 30673 29304
26424 27898 29267 29304 27935
25128 26529 27898 27935 26566
23832 25160 26529 26566 25197
22536 23791 25160 25197 23828
21240 22422 23791 23828 22459
19944 21053 22422 22459 21090
18648 19684 21053 21090 19721
17352 18315 19684 19721 18352
16056 16946 18315 18352 16983
14760 15577 16946 16983 15614
13464 14208 15577 15614 14245
12168 12839 14208 14245 12876
10872 11470 12839 12876 11507
9576 10101 11470 11507 10138
8280 8732 10101 10138 8769
6984 7363 8732 8769 7400
5688 5994 7363 7400 6031
4392 4625 5994 6031 4662
3096 3256 4625 4662 3293
1800 1035 3256 3293 1109
504 1036 1035 1109 1110
45900 48470 49839 49876 48507
44604 47101 48470 48507 47138
43308 45732 47101 47138 45769
42012 44363 45732 45769 44400
40716 42994 44363 44400 43031
39420 41625 42994 43031 41662
38124 40256 41625 41662 40293
36828 38887 40256 40293 38924
35532 37518 38887 38924 37555
34236 36149 37518 37555 36186
32940 34780 36149 36186 34817
31644 33411 34780 34817 33448
30348 32042 33411 33448 32079
29052 30673 32042 32079 30710
27756 29304 30673 30710 29341
26460 27935 29304 29341 27972
25164 26566 27935 27972 26603
23868 25197 26566 26603 25234
22572 23828 25197 25234 23865
21276 22459 23828 23865 22496
19980 21090 22459 22496 21127
18684 19721 21090 21127 19758
17388 18352 19721 19758 18389
16092 16983 18352 18389 17020
14796 15614 16983 17020 15651
13500 14245 15614 15651 14282
12204 12876 14245 14282 12913
10908 11507 12876 12913 11544
9612 10138 11507 11544 10175
8316 8769 10138 10175 8806
7020 7400 8769 8806 7437
5724 6031 7400 7437 6068
4428 4662 6031 6068 4699
3132 3293 4662 4699 3330
1836 1109 3293 3330 1183
540 1110 1109 1183 1184
45936 48507 49876 49913 48544
44640 47138 48507 48544 47175
43344 45769 47138 47175 45806
42048 44400 45769 45806 44437
40752 43031 44400 44437 43068
39456 41662 43031 43068 41699
38160 40293 41662 41699 40330
36864 38924 40293 40330 38961
35568 37555 38924 38961 37592
34272 36186 37555 37592 36223
32976 34817 36186 36223 34854
31680 33448 34817 34854 33485
30384 32079 33448 33485 32116
29088 30710 32079 32116 30747
27792 29341 30710 30747 29378
26496 27972 29341 29378 28009
25200 26603 27972 28009 26640
23904 25234 26603 26640 25271
22608 23865 25234 25271 23902
21312 22496 23865 23902 22533
20016 21127 22496 22533 21164
18720 19758 21127 21164 19795
17424 18389 19758 19795 18426
16128 17020 18389 18426 17057
14832 15651 17020 17057 15688
13536 14282 15651 15688 14319
12240 12913 14282 14319 12950
10944 11544 12913 12950 11581
9648 10175 11544 11581 10212
8352 8806 10175 10212 8843
7056 7437 8806 8843 7474
5760 6068 7437 7474 6105
4464 4699 6068 6105 4736
3168 3330 4699 4736 3367
1872 1183 3330 3367 1257
576 1184 1183 1257 1258
45972 48544 49913 49950 48581
44676 47175 48544 48581 47212
43380 45806 47175 47212 45843
42084 44437 45806 45843 44474
40788 43068 44437 44474 43105
39492 41699 43068 43105 41736
38196 40330 41699 41736 40367
36900 38961 40330 40367 38998
35604 37592 38961 38998 37629
34308 36223 37592 37629 36260
33012 34854 36223 36260 34891
31716 33485 34854 34891 33522
30420 32116 33485 33522 32153
29124 30747 32116 32153 30784
27828 29378 30747 30784 29415
26532 28009 29378 29415 28046
25236 26640 28009 28046 26677
23940 25271 26640 26677 25308
22644 23902 25271 25308 23939
21348 22533 23902 23939 22570
20052 21164 22533 22570 21201
18756 19795 21164 21201 19832
17460 18426 19795 19832 18463
16164 17057 18426 18463 17094
14868 15688 17057 17094 15725
13572 14319 15688 15725 14356
12276 12950 14319 14356 12987
10980 11581 12950 12987 11618
9684 10212 11581 11618 10249
8388 8843 10212 10249 8880
7092 7474 8843 8880 7511
5796 6105 7474 7511 6142
4500 4736 6105 6142 4773
3204 3367 4736 4773 3404
1908 1257 3367 3404 1331
612 1258 1257 1331 1332
46008 48581 49950 49987 48618
44712 47212 48581 48618 47249
43416 45843 47212 47249 45880
42120 44474 45843 45880 44511
40824 43105 44474 44511 43142
39528 41736 43105 43142 41773
38232 40367 41736 41773 40404
36936 38998 40367 40404 39035
35640 37629 38998 39035 37666
34344 36260 37629 37666 36297
33048 34891 36260 36297 34928
31752 33522 34891 34928 33559
30456 32153 33522 33559 32190
29160 30784 32153 32190 30821
27864 29415 30784 30821 29452
26568 28046 29415 29452 28083
25272 26677 28046 28083 26714
23976 25308 26677 26714 25345
22680 23939 25308 25345 23976
21384 22570 23939 23976 22607
20088 21201 22570 22607 21238
18792 19832 21201 21238 19869
17496 18463 19832 19869 18500
16200 17094 18463 18500 17131
14904 15725 17094 17131 15762
13608 14356 15725 15762 14393
12312 12987 14356 14393 13024
11016 11618 12987 13024 11655
9720 10249 11618 11655 10286
8424 8880 10249 10286 8917
7128 7511 8880 8917 7548
5832 6142 7511 7548 6179
4536 4773 6142 6179 4810
3240 3404 4773 4810 3441
1944 1331 3404 3441 1405
648 1332 1331 1405 1406
46044 48618 49987 50024 48655
44748 47249 48618 48655 47286
43452 45880 47249 47286 45917
42156 44511 45880 45917 44548
40860 43142 44511 44548 43179
39564 41773 43142 43179 41810
38268 40404 41773 41810 40441
36972 39035 40404 40441 39072
35676 37666 39035 39072 37703
34380 36297 37666 37703 36334
33084 34928 36297 36334 34965
31788 33559 34928 34965 33596
30492 32190 33559 33596 32227
29196 30821 32190 32227 30858
27900 29452 30821 30858 29489
26604 28083 29452 29489 28120
25308 26714 28083 28120 26751
24012 25345 26714 26751 25382
22716 23976 25345 25382 24013
21420 22607 23976 24013 22644
20124 21238 22607 22644 21275
18828 19869 21238 21275 19906
17532 18500 19869 19906 18537
16236 17131 18500 18537 17168
14940 15762 17131 17168 15799
13644 14393 15762 15799 14430
12348 13024 14393 14430 13061
11052 11655 13024 13061 11692
9756 10286 11655 11692 10323
8460 8917 10286 10323 8954
7164 7548 8917 8954 7585
5868 6179 7548 7585 6216
4572 4810 6179 6216 4847
3276 3441 4810 4847 3478
1980 1405 3441 3478 1479
684 1406 1405 1479 1480
46080 48655 50024 50061 48692
44784 47286 48655 48692 47323
43488 45917 47286 47323 45954
42192 44548 45917 45954 44585
40896 43179 44548 44585 43216
39600 41810 43179 43216 41847
38304 40441 41810 41847 40478
37008 39072 40441 40478 39109
35712 37703 39072 39109 37740
34416 36334 37703 37740 36371
33120 34965 36334 36371 35002
31824 33596 34965 35002 33633
30528 32227 33596 33633 32264
29232 30858 32227 32264 30895
27936 29489 30858 30895 29526
26640 28120 29489 29526 28157
25344 26751 28120 28157 26788
24048 25382 26751 26788 25419
22752 24013 25382 25419 24050
21456 22644 24013 24050 22681
20160 21275 22644 22681 21312
18864 19906 21275 21312 19943
17568 18537 19906 19943 18574
16272 17168 18537 18574 17205
14976 15799 17168 17205 15836
13680 14430 15799 15836 14467
12384 13061 14430 14467 13098
11088 11692 13061 13098 11729
9792 10323 11692 11729 10360
8496 8954 10323 10360 8991
7200 7585 8954 8991 7622
5904 6216 7585 7622 6253
4608 4847 6216 6253 4884
3312 3478 4847 4884 3515
2016 1479 3478 3515 1553
720 1480 1479 1553 1554
46116 48692 50061 50098 48729
44820 47323 48692 48729 47360
43524 45954 47323 47360 45991
42228 44585 45954 45991 44622
40932 43216 44585 44622 43253
39636 41847 43216 43253 41884
38340 40478 41847 41884 40515
37044 39109 40478 40515 39146
35748 37740 39109 39146 37777
34452 36371 37740 37777 36408
33156 35002 36371 36408 35039
31860 33633 35002 35039 33670
30564 32264 33633 33670 32301
29268 30895 32264 32301 30932
27972 29526 30895 30932 29563
26676 28157 29526 29563 28194
25380 26788 28157 28194 26825
24084 25419 26788 26825 25456
22788 24050 25419 25456 24087
21492 22681 24050 24087 22718
20196 21312 22681 22718 21349
18900 19943 21312 21349 19980
17604 18574 19943 19980 18611
16308 17205 18574 18611 17242
15012 15836 17205 17242 15873
13716 14467 15836 15873 14504
12420 13098 14467 14504 13135
11124 11729 13098 13135 11766
9828 10360 11729 11766 10397
8532 8991 10360 10397 9028
7236 7622 8991 9028 7659
5940 6253 7622 7659 6290
4644 4884 6253 6290 4921
3348 3515 4884 4921 3552
2052 1553 3515 3552 1627
756 1554 1553 1627 1628
46152 48729 50098 50135 48766
44856 47360 48729 48766 47397
43560 45991 47360 47397 46028
42264 44622 45991 46028 44659
40968 43253 44622 44659 43290
39672 41884 43253 43290 41921
38376 40515 41884 41921 40552
37080 39146 40515 40552 39183
35784 37777 39146 39183 37814
34488 36408 37777 37814 36445
33192 35039 36408 36445 35076
31896 33670 35039 35076 33707
30600 32301 33670 33707 32338
29304 30932 32301 32338 30969
28008 29563 30932 30969 29600
26712 28194 29563 29600 28231
25416 26825 28194 28231 26862
24120 25456 26825 26862 25493
22824 24087 25456 25493 24124
21528 22718 24087 24124 22755
20232 21349 22718 22755 21386
18936 19980 21349 21386 20017
17640 18611 19980 20017 18648
16344 17242 18611 18648 17279
15048 15873 17242 17279 15910
13752 14504 15873 15910 14541
12456 13135 14504 14541 13172
11160 11766 13135 13172 11803
9864 10397 11766 11803 10434
8568 9028 10397 10434 9065
7272 7659 9028 9065 7696
5976 6290 7659 7696 6327
4680 4921 6290 6327 4958
3384 3552 4921 4958 3589
2088 1627 3552 3589 1701
792 1628 1627 1701 1702
46188 48766 50135 50172 48803
44892 47397 48766 48803 47434
43596 46028 47397 47434 46065
42300 44659 46028 46065 44696
41004 43290 44659 44696 43327
39708 41921 43290 43327 41958
38412 40552 41921 41958 40589
37116 39183 40552 40589 39220
35820 37814 39183 39220 37851
34524 36445 37814 37851 36482
33228 35076 36445 36482 35113
31932 33707 35076 35113 33744
30636 32338 33707 33744 32375
29340 30969 32338 32375 31006
28044 29600 30969 31006 29637
26748 28231 29600 29637 28268
25452 26862 28231 28268 26899
24156 25493 26862 26899 25530
22860 24124 25493 25530 24161
21564 22755 24124 24161 22792
20268 21386 22755 22792 21423
18972 20017 21386 21423 20054
17676 18648 20017 20054 18685
16380 17279 18648 18685 17316
15084 15910 17279 17316 15947
13788 14541 15910 15947 14578
12492 13172 14541 14578 13209
11196 11803 13172 13209 11840
9900 10434 11803 11840 10471
8604 9065 10434 10471 9102
7308 7696 9065 9102 7733
6012 6327 7696 7733 6364
4716 4958 6327 6364 4995
3420 3589 4958 4995 3626
2124 1701 3589 3626 1775
828 1702 1701 1775 1776
46224 48803 50172 50209 48840
44928 47434 48803 48840 47471
43632 46065 47434 47471 46102
42336 44696 46065 46102 44733
41040 43327 44696 44733 43364
39744 41958 43327 43364 41995
38448 40589 41958 41995 40626
37152 39220 40589 40626 39257
35856 37851 39220 39257 37888
34560 36482 37851 37888 36519
33264 35113 36482 36519 35150
31968 33744 35113 35150 33781
30672 32375 33744 33781 32412
29376 31006 32375 32412 31043
28080 29637 31006 31043 29674
26784 28268 29637 29674 28305
25488 26899 28268 28305 26936
24192 25530 26899 26936 25567
22896 24161 25530 25567 24198
21600 22792 24161 24198 22829
20304 21423 22792 22829 21460
19008 20054 21423 21460 20091
17712 18685 20054 20091 18722
16416 17316 18685 18722 17353
15120 15947 17316 17353 15984
13824 14578 15947 15984 14615
12528 13209 14578 14615 13246
11232 11840 13209 13246 11877
9936 10471 11840 11877 10508
8640 9102 10471 10508 9139
7344 7733 9102 9139 7770
6048 6364 7733 7770 6401
4752 4995 6364 6401 5032
3456 3626 4995 5032 3663
2160 1775 3626 3663 1849
864 1776 1775 1849 1850
46260 48840 50209 50246 48877
44964 47471 48840 48877 47508
43668 46102 47471 47508 46139
42372 44733 46102 46139 44770
41076 43364 44733 44770 43401
39780 41995 43364 43401 42032
38484 40626 41995 42032 40663
37188 39257 40626 40663 39294
35892 37888 39257 39294 37925
34596 36519 37888 37925 36556
33300 35150 36519 36556 35187
32004 33781 35150 35187 33818
30708 32412 33781 33818 32449
29412 31043 32412 32449 31080
28116 29674 31043 31080 29711
26820 28305 29674 29711 28342
25524 26936 28305 28342 26973
24228 25567 26936 26973 25604
22932 24198 25567 25604 24235
21636 22829 24198 24235 22866
20340 21460 22829 22866 21497
19044 20091 21460 21497 20128
17748 18722 20091 20128 18759
16452 17353 18722 18759 17390
15156 15984 17353 17390 16021
13860 14615 15984 16021 14652
12564 13246 14615 14652 13283
11268 11877 13246 13283 11914
9972 10508 11877 11914 10545
8676 9139 10508 10545 9176
7380 7770 9139 9176 7807
6084 6401 7770 7807 6438
4788 5032 6401 6438 5069
3492 3663 5032 5069 3700
2196 1849 3663 3700 1923
900 1850 1849 1923 1924
46296 48877 50246 50283 48914
45000 47508 48877 48914 47545
43704 46139 47508 47545 46176
42408 44770 46139 46176 44807
41112 43401 44770 44807 43438
39816 42032 43401 43438 42069
38520 40663 42032 42069 40700
37224 39294 40663 40700 39331
35928 37925 39294 39331 37962
34632 36556 37925 37962 36593
33336 35187 36556 36593 35224
32040 33818 35187 35224 33855
30744 32449 33818 33855 32486
29448 31080 32449 32486 31117
28152 29711 31080 31117 29748
26856 28342 29711 29748 28379
25560 26973 28342 28379 27010
24264 25604 26973 27010 25641
22968 24235 25604 25641 24272
21672 22866 24235 24272 22903
20376 21497 22866 22903 21534
19080 20128 21497 21534 20165
17784 18759 20128 20165 18796
16488 17390 18759 18796 17427
15192 16021 17390 17427 16058
13896 14652 16021 16058 14689
12600 13283 14652 14689 13320
11304 11914 13283 13320 11951
10008 10545 11914 11951 10582
8712 9176 10545 10582 9213
7416 7807 9176 9213 7844
6120 6438 7807 7844 6475
4824 5069 6438 6475 5106
3528 3700 5069 5106 3737
2232 1923 3700 3737 1997
936 1924 1923 1997 1998
46332 48914 50283 50320 48951
45036 47545 48914 48951 47582
43740 46176 47545 47582 46213
42444 44807 46176 46213 44844
41148 43438 44807 44844 43475
39852 42069 43438 43475 42106
38556 40700 42069 42106 40737
37260 39331 40700 40737 39368
35964 37962 39331 39368 37999
34668 36593 37962 37999 36630
33372 35224 36593 36630 35261
32076 33855 35224 35261 33892
30780 32486 33855 33892 32523
29484 31117 32486 32523 31154
28188 29748 31117 31154 29785
26892 28379 29748 29785 28416
25596 27010 28379 28416 27047
24300 25641 27010 27047 25678
23004 24272 25641 25678 24309
21708 22903 24272 24309 22940
20412 21534 22903 22940 21571
19116 20165 21534 21571 20202
17820 18796 20165 20202 18833
16524 17427 18796 18833 17464
15228 16058 17427 17464 16095
13932 14689 16058 16095 14726
12636 13320 14689 14726 13357
11340 11951 13320 13357 11988
10044 10582 11951 11988 10619
8748 9213 10582 10619 9250
7452 7844 9213 9250 7881
6156 6475 7844 7881 6512
4860 5106 6475 6512 5143
3564 3737 5106 5143 3774
2268 1997 3737 3774 2071
972 1998 1997 2071 2072
46368 48951 50320 50357 48988
45072 47582 48951 48988 47619
43776 46213 47582 47619 46250
42480 44844 46213 46250 44881
41184 43475 44844 44881 43512
39888 42106 43475 43512 42143
38592 40737 42106 42143 40774
37296 39368 40737 40774 39405
36000 37999 39368 39405 38036
34704 36630 37999 38036 36667
33408 35261 36630 36667 35298
32112 33892 35261 35298 33929
30816 32523 33892 33929 32560
29520 31154 32523 32560 31191
28224 29785 31154 31191 29822
26928 28416 29785 29822 28453
25632 27047 28416 28453 27084
24336 25678 27047 27084 25715
23040 24309 25678 25715 24346
21744 22940 24309 24346 22977
20448 21571 22940 22977 21608
19152 20202 21571 21608 20239
17856 18833 20202 20239 18870
16560 17464 18833 18870 17501
15264 16095 17464 17501 16132
13968 14726 16095 16132 14763
12672 13357 14726 14763 13394
11376 11988 13357 13394 12025
10080 10619 11988 12025 10656
8784 9250 10619 10656 9287
7488 7881 9250 9287 7918
6192 6512 7881 7918 6549
4896 5143 6512 6549 5180
3600 3774 5143 5180 3811
2304 2071 3774 3811 2145
1008 2072 2071 2145 2146
46404 48988 50357 50394 49025
45108 47619 48988 49025 47656
43812 46250 47619 47656 46287
42516 44881 46250 46287 44918
41220 43512 44881 44918 43549
39924 42143 43512 43549 42180
38628 40774 42143 42180 40811
37332 39405 40774 40811 39442
36036 38036 39405 39442 38073
34740 36667 38036 38073 36704
33444 35298 36667 36704 35335
32148 33929 35298 35335 33966
30852 32560 33929 33966 32597
29556 31191 32560 32597 31228
28260 29822 31191 31228 29859
26964 28453 29822 29859 28490
25668 27084 28453 28490 27121
24372 25715 27084 27121 25752
23076 24346 25715 25752 24383
21780 22977 24346 24383 23014
20484 21608 22977 23014 21645
19188 20239 21608 21645 20276
17892 18870 20239 20276 18907
16596 17501 18870 18907 17538
15300 16132 17501 17538 16169
14004 14763 16132 16169 14800
12708 13394 14763 14800 13431
11412 12025 13394 13431 12062
10116 10656 12025 12062 10693
8820 9287 10656 10693 9324
7524 7918 9287 9324 7955
6228 6549 7918 7955 6586
4932 5180 6549 6586 5217
3636 3811 5180 5217 3848
2340 2145 3811 3848 2219
1044 2146 2145 2219 2220
46440 49025 50394 50431 49062
45144 47656 49025 49062 47693
43848 46287 47656 47693 46324
42552 44918 46287 46324 44955
41256 43549 44918 44955 43586
39960 42180 43549 43586 42217
38664 40811 42180 42217 40848
37368 39442 40811 40848 39479
36072 38073 39442 39479 38110
34776 36704 38073 38110 36741
33480 35335 36704 36741 35372
32184 33966 35335 35372 34003
30888 32597 33966 34003 32634
29592 31228 32597 32634 31265
28296 29859 31228 31265 29896
27000 28490 29859 29896 28527
25704 27121 28490 28527 27158
24408 25752 27121 27158 25789
23112 24383 25752 25789 24420
21816 23014 24383 24420 23051
20520 21645 23014 23051 21682
19224 20276 21645 21682 20313
17928 18907 20276 20313 18944
16632 17538 18907 18944 17575
15336 16169 17538 17575 16206
14040 14800 16169 16206 14837
12744 13431 14800 14837 13468
11448 12062 13431 13468 12099
10152 10693 12062 12099 10730
8856 9324 10693 10730 9361
7560 7955 9324 9361 7992
6264 6586 7955 7992 6623
4968 5217 6586 6623 5254
3672 3848 5217 5254 3885
2376 2219 3848 3885 2293
1080 2220 2219 2293 2294
46476 49062 50431 50468 49099
45180 47693 49062 49099 47730
43884 46324 47693 47730 46361
42588 44955 46324 46361 44992
41292 43586 44955 44992 43623
39996 42217 43586 43623 42254
38700 40848 42217 42254 40885
37404 39479 40848 40885 39516
36108 38110 39479 39516 38147
34812 36741 38110 38147 36778
33516 35372 36741 36778 35409
32220 34003 35372 35409 34040
30924 32634 34003 34040 32671
29628 31265 32634 32671 31302
28332 29896 31265 31302 29933
27036 28527 29896 29933 28564
25740 27158 28527 28564 27195
24444 25789 27158 27195 25826
23148 24420 25789 25826 24457
21852 23051 24420 24457 23088
20556 21682 23051 23088 21719
19260 20313 21682 21719 20350
17964 18944 20313 20350 18981
16668 17575 18944 18981 17612
15372 16206 17575 17612 16243
14076 14837 16206 16243 14874
12780 13468 14837 14874 13505
11484 12099 13468 13505 12136
10188 10730 12099 12136 10767
8892 9361 10730 10767 9398
7596 7992 9361 9398 8029
6300 6623 7992 8029 6660
5004 5254 6623 6660 5291
3708 3885 5254 5291 3922
2412 2293 3885 3922 2367
1116 2294 2293 2367 2368
46512 49099 50468 50505 49136
45216 47730 49099 49136 47767
43920 46361 47730 47767 46398
42624 44992 46361 46398 45029
41328 43623 44992 45029 43660
40032 42254 43623 43660 42291
38736 40885 42254 42291 40922
37440 39516 40885 40922 39553
36144 38147 39516 39553 38184
34848 36778 38147 38184 36815
33552 35409 36778 36815 35446
32256 34040 35409 35446 34077
30960 32671 34040 34077 32708
29664 31302 32671 32708 31339
28368 29933 31302 31339 29970
27072 28564 29933 29970 28601
25776 27195 28564 28601 27232
24480 25826 27195 27232 25863
23184 24457 25826 25863 24494
21888 23088 24457 24494 23125
20592 21719 23088 23125 21756
19296 20350 21719 21756 20387
18000 18981 20350 20387 19018
16704 17612 18981 19018 17649
15408 16243 17612 17649 16280
14112 14874 16243 16280 14911
12816 13505 14874 14911 13542
11520 12136 13505 13542 12173
10224 10767 12136 12173 10804
8928 9398 10767 10804 9435
7632 8029 9398 9435 8066
6336 6660 8029 8066 6697
5040 5291 6660 6697 5328
3744 3922 5291 5328 3959
2448 2367 3922 3959 2441
1152 2368 2367 2441 2442
46548 49136 50505 50542 49173
45252 47767 49136 49173 47804
43956 46398 47767 47804 46435
42660 45029 46398 46435 45066
41364 43660 45029 45066 43697
40068 42291 43660 43697 42328
38772 40922 42291 42328 40959
37476 39553 40922 40959 39590
36180 38184 39553 39590 38221
34884 36815 38184 38221 36852
33588 35446 36815 36852 35483
32292 34077 35446 35483 34114
30996 32708 34077 34114 32745
29700 31339 32708 32745 31376
28404 29970 31339 31376 30007
27108 28601 29970 30007 28638
25812 27232 28601 28638 27269
24516 25863 27232 27269 25900
23220 24494 25863 25900 24531
21924 23125 24494 24531 23162
20628 21756 23125 23162 21793
19332 20387 21756 21793 20424
18036 19018 20387 20424 19055
16740 17649 19018 19055 17686
15444 16280 17649 17686 16317
14148 14911 16280 16317 14948
12852 13542 14911 14948 13579
11556 12173 13542 13579 12210
10260 10804 12173 12210 10841
8964 9435 10804 10841 9472
7668 8066 9435 9472 8103
6372 6697 8066 8103 6734
5076 5328 6697 6734 5365
3780 3959 5328 5365 3996
2484 2441 3959 3996 2515
1188 2442 2441 2515 2516
46584 49173 50542 50579 49210
45288 47804 49173 49210 47841
43992 46435 47804 47841 46472
42696 45066 46435 46472 45103
41400 43697 45066 45103 43734
40104 42328 43697 43734 42365
38808 40959 42328 42365 40996
37512 39590 40959 40996 39627
36216 38221 39590 39627 38258
34920 36852 38221 38258 36889
33624 35483 36852 36889 35520
32328 34114 35483 35520 34151
31032 32745 34114 34151 32782
29736 31376 32745 32782 31413
28440 30007 31376 31413 30044
27144 28638 30007 30044 28675
25848 27269 28638 28675 27306
24552 25900 27269 27306 25937
23256 24531 25900 25937 24568
21960 23162 24531 24568 23199
20664 21793 23162 23199 21830
19368 20424 21793 21830 20461
18072 19055 20424 20461 19092
16776 17686 19055 19092 17723
15480 16317 17686 17723 16354
14184 14948 16317 16354 14985
12888 13579 14948 14985 13616
11592 12210 13579 13616 12247
10296 10841 12210 12247 10878
9000 9472 10841 10878 9509
7704 8103 9472 9509 8140
6408 6734 8103 8140 6771
5112 5365 6734 6771 5402
3816 3996 5365 5402 4033
2520 2515 3996 4033 2589
1224 2516 2515 2589 2590
46620 49210 50579 50616 49247
45324 47841 49210 49247 47878
44028 46472 47841 47878 46509
42732 45103 46472 46509 45140
41436 43734 45103 45140 43771
40140 42365 43734 43771 42402
38844 40996 42365 42402 41033
37548 39627 40996 41033 39664
36252 38258 39627 39664 38295
34956 36889 38258 38295 36926
33660 35520 36889 36926 35557
32364 34151 35520 35557 34188
31068 32782 34151 34188 32819
29772 31413 32782 32819 31450
28476 30044 31413 31450 30081
27180 28675 30044 30081 28712
25884 27306 28675 28712 27343
24588 25937 27306 27343 25974
23292 24568 25937 25974 24605
21996 23199 24568 24605 23236
20700 21830 23199 23236 21867
19404 20461 21830 21867 20498
18108 19092 20461 20498 19129
16812 17723 19092 19129 17760
15516 16354 17723 17760 16391
14220 14985 16354 16391 15022
12924 13616 14985 15022 13653
11628 12247 13616 13653 12284
10332 10878 12247 12284 10915
9036 9509 10878 10915 9546
7740 8140 9509 9546 8177
6444 6771 8140 8177 6808
5148 5402 6771 6808 5439
3852 4033 5402 5439 4070
2556 2589 4033 4070 2663
1260 2590 2589 2663 2664
46656 49247 50616 50653 49284
45360 47878 49247 49284 47915
44064 46509 47878 47915 46546
42768 45140 46509 46546 45177
41472 43771 45140 45177 43808
40176 42402 43771 43808 42439
38880 41033 42402 42439 41070
37584 39664 41033 41070 39701
36288 38295 39664 39701 38332
34992 36926 38295 38332 36963
33696 35557 36926 36963 35594
32400 34188 35557 35594 34225
31104 32819 34188 34225 32856
29808 31450 32819 32856 31487
28512 30081 31450 31487 30118
27216 28712 30081 30118 28749
25920 27343 28712 28749 27380
24624 25974 27343 27380 26011
23328 24605 25974 26011 24642
22032 23236 24605 24642 23273
20736 21867 23236 23273 21904
19440 20498 21867 21904 20535
18144 19129 20498 20535 19166
16848 17760 19129 19166 17797
15552 16391 17760 17797 16428
14256 15022 16391 16428 15059
12960 13653 15022 15059 13690
11664 12284 13653 13690 12321
10368 10915 12284 12321 10952
9072 9546 10915 10952 9583
7776 8177 9546 9583 8214
6480 6808 8177 8214 6845
5184 5439 6808 6845 5476
3888 4070 5439 5476 4107
2592 2663 4070 4107 2737
1296 2664 2663 2737 2738
