1296
46656 50615 50652 50653 50616
46655 50614 50651 50652 50615
46654 50613 50650 50651 50614
46653 50612 50649 50650 50613
46652 50611 50648 50649 50612
46651 50610 50647 50648 50611
46650 50609 50646 50647 50610
46649 50608 50645 50646 50609
46648 50607 50644 50645 50608
46647 50606 50643 50644 50607
46646 50605 50642 50643 50606
46645 50604 50641 50642 50605
46644 50603 50640 50641 50604
46643 50602 50639 50640 50603
46642 50601 50638 50639 50602
46641 50600 50637 50638 50601
46640 50599 50636 50637 50600
46639 50598 50635 50636 50599
46638 50597 50634 50635 50598
46637 50596 50633 50634 50597
46636 50595 50632 50633 50596
46635 50594 50631 50632 50595
46634 50593 50630 50631 50594
46633 50592 50629 50630 50593
46632 50591 50628 50629 50592
46631 50590 50627 50628 50591
46630 50589 50626 50627 50590
46629 50588 50625 50626 50589
46628 50587 50624 50625 50588
46627 50586 50623 50624 50587
46626 50585 50622 50623 50586
46625 50584 50621 50622 50585
46624 50583 50620 50621 50584
46623 50582 50619 50620 50583
46622 50581 50618 50619 50582
46621 50580 50617 50618 50581
46620 50578 50615 50616 50579
46619 50577 50614 50615 50578
46618 50576 50613 50614 50577
46617 50575 50612 50613 50576
46616 50574 50611 50612 50575
46615 50573 50610 50611 50574
46614 50572 50609 50610 50573
46613 50571 50608 50609 50572
46612 50570 50607 50608 50571
46611 50569 50606 50607 50570
46610 50568 50605 50606 50569
46609 50567 50604 50605 50568
46608 50566 50603 50604 50567
46607 50565 50602 50603 50566
46606 50564 50601 50602 50565
46605 50563 50600 50601 50564
46604 50562 50599 50600 50563
46603 50561 50598 50599 50562
46602 50560 50597 50598 50561
46601 50559 50596 50597 50560
46600 50558 50595 50596 50559
46599 50557 50594 50595 50558
46598 50556 50593 50594 50557
46597 50555 50592 50593 50556
46596 50554 50591 50592 50555
46595 50553 50590 50591 50554
46594 50552 50589 50590 50553
46593 50551 50588 50589 50552
46592 50550 50587 50588 50551
46591 50549 50586 50587 50550
46590 50548 50585 50586 50549
46589 50547 50584 50585 50548
46588 50546 50583 50584 50547
46587 50545 50582 50583 50546
46586 50544 50581 50582 50545
46585 50543 50580 50581 50544
46584 50541 50578 50579 50542
46583 50540 50577 50578 50541
46582 50539 50576 50577 50540
46581 50538 50575 50576 50539
46580 50537 50574 50575 50538
46579 50536 50573 50574 50537
46578 50535 50572 50573 50536
46577 50534 50571 50572 50535
46576 50533 50570 50571 50534
46575 50532 50569 50570 50533
46574 50531 50568 50569 50532
46573 50530 50567 50568 50531
46572 50529 50566 50567 50530
46571 50528 50565 50566 50529
46570 50527 50564 50565 50528
46569 50526 50563 50564 50527
46568 50525 50562 50563 50526
46567 50524 50561 50562 50525
46566 50523 50560 50561 50524
46565 50522 50559 50560 50523
46564 50521 50558 50559 50522
46563 50520 50557 50558 50521
46562 50519 50556 50557 50520
46561 50518 50555 50556 50519
46560 50517 50554 50555 50518
46559 50516 50553 50554 50517
46558 50515 50552 50553 50516
46557 50514 50551 50552 50515
46556 50513 50550 50551 50514
46555 50512 50549 50550 50513
46554 50511 50548 50549 50512
46553 50510 50547 50548 50511
46552 50509 50546 50547 50510
46551 50508 50545 50546 50509
46550 50507 50544 50545 50508
46549 50506 50543 50544 50507
46548 50504 50541 50542 50505
46547 50503 50540 50541 50504
46546 50502 50539 50540 50503
46545 50501 50538 50539 50502
46544 50500 50537 50538 50501
46543 50499 50536 50537 50500
46542 50498 50535 50536 50499
46541 50497 50534 50535 50498
46540 50496 50533 50534 50497
46539 50495 50532 50533 50496
46538 50494 50531 50532 50495
46537 50493 50530 50531 50494
46536 50492 50529 50530 50493
46535 50491 50528 50529 50492
46534 50490 50527 50528 50491
46533 50489 50526 50527 50490
46532 50488 50525 50526 50489
46531 50487 50524 50525 50488
46530 50486 50523 50524 50487
46529 50485 50522 50523 50486
46528 50484 50521 50522 50485
46527 50483 50520 50521 50484
46526 50482 50519 50520 50483
46525 50481 50518 50519 50482
46524 50480 50517 50518 50481
46523 50479 50516 50517 50480
46522 50478 50515 50516 50479
46521 50477 50514 50515 50478
46520 50476 50513 50514 50477
46519 50475 50512 50513 50476
46518 50474 50511 50512 50475
46517 50473 50510 50511 50474
46516 50472 50509 50510 50473
46515 50471 50508 50509 50472
46514 50470 50507 50508 50471
46513 50469 50506 50507 50470
46512 50467 50504 50505 50468
46511 50466 50503 50504 50467
46510 50465 50502 50503 50466
46509 50464 50501 50502 50465
46508 50463 50500 50501 50464
46507 50462 50499 50500 50463
46506 50461 50498 50499 50462
46505 50460 50497 50498 50461
46504 50459 50496 50497 50460
46503 50458 50495 50496 50459
46502 50457 50494 50495 50458
46501 50456 50493 50494 50457
46500 50455 50492 50493 50456
46499 50454 50491 50492 50455
46498 50453 50490 50491 50454
46497 50452 50489 50490 50453
46496 50451 50488 50489 50452
46495 50450 50487 50488 50451
46494 50449 50486 50487 50450
46493 50448 50485 50486 50449
46492 50447 50484 50485 50448
46491 50446 50483 50484 50447
46490 50445 50482 50483 50446
46489 50444 50481 50482 50445
46488 50443 50480 50481 50444
46487 50442 50479 50480 50443
46486 50441 50478 50479 50442
46485 50440 50477 50478 50441
46484 50439 50476 50477 50440
46483 50438 50475 50476 50439
46482 50437 50474 50475 50438
46481 50436 50473 50474 50437
46480 50435 50472 50473 50436
46479 50434 50471 50472 50435
46478 50433 50470 50471 50434
46477 50432 50469 50470 50433
46476 50430 50467 50468 50431
46475 50429 50466 50467 50430
46474 50428 50465 50466 50429
46473 50427 50464 50465 50428
46472 50426 50463 50464 50427
46471 50425 50462 50463 50426
46470 50424 50461 50462 50425
46469 50423 50460 50461 50424
46468 50422 50459 50460 50423
46467 50421 50458 50459 50422
46466 50420 50457 50458 50421
46465 50419 50456 50457 50420
46464 50418 50455 50456 50419
46463 50417 50454 50455 50418
46462 50416 50453 50454 50417
46461 50415 50452 50453 50416
46460 50414 50451 50452 50415
46459 50413 50450 50451 50414
46458 50412 50449 50450 50413
46457 50411 50448 50449 50412
46456 50410 50447 50448 50411
46455 50409 50446 50447 50410
46454 50408 50445 50446 50409
46453 50407 50444 50445 50408
46452 50406 50443 50444 50407
46451 50405 50442 50443 50406
46450 50404 50441 50442 50405
46449 50403 50440 50441 50404
46448 50402 50439 50440 50403
46447 50401 50438 50439 50402
46446 50400 50437 50438 50401
46445 50399 50436 50437 50400
46444 50398 50435 50436 50399
46443 50397 50434 50435 50398
46442 50396 50433 50434 50397
46441 50395 50432 50433 50396
46440 50393 50430 50431 50394
46439 50392 50429 50430 50393
46438 50391 50428 50429 50392
46437 50390 50427 50428 50391
46436 50389 50426 50427 50390
46435 50388 50425 50426 50389
46434 50387 50424 50425 50388
46433 50386 50423 50424 50387
46432 50385 50422 50423 50386
46431 50384 50421 50422 50385
46430 50383 50420 50421 50384
46429 50382 50419 50420 50383
46428 50381 50418 50419 50382
46427 50380 50417 50418 50381
46426 50379 50416 50417 50380
46425 50378 50415 50416 50379
46424 50377 50414 50415 50378
46423 50376 50413 50414 50377
46422 50375 50412 50413 50376
46421 50374 50411 50412 50375
46420 50373 50410 50411 50374
46419 50372 50409 50410 50373
46418 50371 50408 50409 50372
46417 50370 50407 50408 50371
46416 50369 50406 50407 50370
46415 50368 50405 50406 50369
46414 50367 50404 50405 50368
46413 50366 50403 50404 50367
46412 50365 50402 50403 50366
46411 50364 50401 50402 50365
46410 50363 50400 50401 50364
46409 50362 50399 50400 50363
46408 50361 50398 50399 50362
46407 50360 50397 50398 50361
46406 50359 50396 50397 50360
46405 50358 50395 50396 50359
46404 50356 50393 50394 50357
46403 50355 50392 50393 50356
46402 50354 50391 50392 50355
46401 50353 50390 50391 50354
46400 50352 50389 50390 50353
46399 50351 50388 50389 50352
46398 50350 50387 50388 50351
46397 50349 50386 50387 50350
46396 50348 50385 50386 50349
46395 50347 50384 50385 50348
46394 50346 50383 50384 50347
46393 50345 50382 50383 50346
46392 50344 50381 50382 50345
46391 50343 50380 50381 50344
46390 50342 50379 50380 50343
46389 50341 50378 50379 50342
46388 50340 50377 50378 50341
46387 50339 50376 50377 50340
46386 50338 50375 50376 50339
46385 50337 50374 50375 50338
46384 50336 50373 50374 50337
46383 50335 50372 50373 50336
46382 50334 50371 50372 50335
46381 50333 50370 50371 50334
46380 50332 50369 50370 50333
46379 50331 50368 50369 50332
46378 50330 50367 50368 50331
46377 50329 50366 50367 50330
46376 50328 50365 50366 50329
46375 50327 50364 50365 50328
46374 50326 50363 50364 50327
46373 50325 50362 50363 50326
46372 50324 50361 50362 50325
46371 50323 50360 50361 50324
46370 50322 50359 50360 50323
46369 50321 50358 50359 50322
46368 50319 50356 50357 50320
46367 50318 50355 50356 50319
46366 50317 50354 50355 50318
46365 50316 50353 50354 50317
46364 50315 50352 50353 50316
46363 50314 50351 50352 50315
46362 50313 50350 50351 50314
46361 50312 50349 50350 50313
46360 50311 50348 50349 50312
46359 50310 50347 50348 50311
46358 50309 50346 50347 50310
46357 50308 50345 50346 50309
46356 50307 50344 50345 50308
46355 50306 50343 50344 50307
46354 50305 50342 50343 50306
46353 50304 50341 50342 50305
46352 50303 50340 50341 50304
46351 50302 50339 50340 50303
46350 50301 50338 50339 50302
46349 50300 50337 50338 50301
46348 50299 50336 50337 50300
46347 50298 50335 50336 50299
46346 50297 50334 50335 50298
46345 50296 50333 50334 50297
46344 50295 50332 50333 50296
46343 50294 50331 50332 50295
46342 50293 50330 50331 50294
46341 50292 50329 50330 50293
46340 50291 50328 50329 50292
46339 50290 50327 50328 50291
46338 50289 50326 50327 50290
46337 50288 50325 50326 50289
46336 50287 50324 50325 50288
46335 50286 50323 50324 50287
46334 50285 50322 50323 50286
46333 50284 50321 50322 50285
46332 50282 50319 50320 50283
46331 50281 50318 50319 50282
46330 50280 50317 50318 50281
46329 50279 50316 50317 50280
46328 50278 50315 50316 50279
46327 50277 50314 50315 50278
46326 50276 50313 50314 50277
46325 50275 50312 50313 50276
46324 50274 50311 50312 50275
46323 50273 50310 50311 50274
46322 50272 50309 50310 50273
46321 50271 50308 50309 50272
46320 50270 50307 50308 50271
46319 50269 50306 50307 50270
46318 50268 50305 50306 50269
46317 50267 50304 50305 50268
46316 50266 50303 50304 50267
46315 50265 50302 50303 50266
46314 50264 50301 50302 50265
46313 50263 50300 50301 50264
46312 50262 50299 50300 50263
46311 50261 50298 50299 50262
46310 50260 50297 50298 50261
46309 50259 50296 50297 50260
46308 50258 50295 50296 50259
46307 50257 50294 50295 50258
46306 50256 50293 50294 50257
46305 50255 50292 50293 50256
46304 50254 50291 50292 50255
46303 50253 50290 50291 50254
46302 50252 50289 50290 50253
46301 50251 50288 50289 50252
46300 50250 50287 50288 50251
46299 50249 50286 50287 50250
46298 50248 50285 50286 50249
46297 50247 50284 50285 50248
46296 50245 50282 50283 50246
46295 50244 50281 50282 50245
46294 50243 50280 50281 50244
46293 50242 50279 50280 50243
46292 50241 50278 50279 50242
46291 50240 50277 50278 50241
46290 50239 50276 50277 50240
46289 50238 50275 50276 50239
46288 50237 50274 50275 50238
46287 50236 50273 50274 50237
46286 50235 50272 50273 50236
46285 50234 50271 50272 50235
46284 50233 50270 50271 50234
46283 50232 50269 50270 50233
46282 50231 50268 50269 50232
46281 50230 50267 50268 50231
46280 50229 50266 50267 50230
46279 50228 50265 50266 50229
46278 50227 50264 50265 50228
46277 50226 50263 50264 50227
46276 50225 50262 50263 50226
46275 50224 50261 50262 50225
46274 50223 50260 50261 50224
46273 50222 50259 50260 50223
46272 50221 50258 50259 50222
46271 50220 50257 50258 50221
46270 50219 50256 50257 50220
46269 50218 50255 50256 50219
46268 50217 50254 50255 50218
46267 50216 50253 50254 50217
46266 50215 50252 50253 50216
46265 50214 50251 50252 50215
46264 50213 50250 50251 50214
46263 50212 50249 50250 50213
46262 50211 50248 50249 50212
46261 50210 50247 50248 50211
46260 50208 50245 50246 50209
46259 50207 50244 50245 50208
46258 50206 50243 50244 50207
46257 50205 50242 50243 50206
46256 50204 50241 50242 50205
46255 50203 50240 50241 50204
46254 50202 50239 50240 50203
46253 50201 50238 50239 50202
46252 50200 50237 50238 50201
46251 50199 50236 50237 50200
46250 50198 50235 50236 50199
46249 50197 50234 50235 50198
46248 50196 50233 50234 50197
46247 50195 50232 50233 50196
46246 50194 50231 50232 50195
46245 50193 50230 50231 50194
46244 50192 50229 50230 50193
46243 50191 50228 50229 50192
46242 50190 50227 50228 50191
46241 50189 50226 50227 50190
46240 50188 50225 50226 50189
46239 50187 50224 50225 50188
46238 50186 50223 50224 50187
46237 50185 50222 50223 50186
46236 50184 50221 50222 50185
46235 50183 50220 50221 50184
46234 50182 50219 50220 50183
46233 50181 50218 50219 50182
46232 50180 50217 50218 50181
46231 50179 50216 50217 50180
46230 50178 50215 50216 50179
46229 50177 50214 50215 50178
46228 50176 50213 50214 50177
46227 50175 50212 50213 50176
46226 50174 50211 50212 50175
46225 50173 50210 50211 50174
46224 50171 50208 50209 50172
46223 50170 50207 50208 50171
46222 50169 50206 50207 50170
46221 50168 50205 50206 50169
46220 50167 50204 50205 50168
46219 50166 50203 50204 50167
46218 50165 50202 50203 50166
46217 50164 50201 50202 50165
46216 50163 50200 50201 50164
46215 50162 50199 50200 50163
46214 50161 50198 50199 50162
46213 50160 50197 50198 50161
46212 50159 50196 50197 50160
46211 50158 50195 50196 50159
46210 50157 50194 50195 50158
46209 50156 50193 50194 50157
46208 50155 50192 50193 50156
46207 50154 50191 50192 50155
46206 50153 50190 50191 50154
46205 50152 50189 50190 50153
46204 50151 50188 50189 50152
46203 50150 50187 50188 50151
46202 50149 50186 50187 50150
46201 50148 50185 50186 50149
46200 50147 50184 50185 50148
46199 50146 50183 50184 50147
46198 50145 50182 50183 50146
46197 50144 50181 50182 50145
46196 50143 50180 50181 50144
46195 50142 50179 50180 50143
46194 50141 50178 50179 50142
46193 50140 50177 50178 50141
46192 50139 50176 50177 50140
46191 50138 50175 50176 50139
46190 50137 50174 50175 50138
46189 50136 50173 50174 50137
46188 50134 50171 50172 50135
46187 50133 50170 50171 50134
46186 50132 50169 50170 50133
46185 50131 50168 50169 50132
46184 50130 50167 50168 50131
46183 50129 50166 50167 50130
46182 50128 50165 50166 50129
46181 50127 50164 50165 50128
46180 50126 50163 50164 50127
46179 50125 50162 50163 50126
46178 50124 50161 50162 50125
46177 50123 50160 50161 50124
46176 50122 50159 50160 50123
46175 50121 50158 50159 50122
46174 50120 50157 50158 50121
46173 50119 50156 50157 50120
46172 50118 50155 50156 50119
46171 50117 50154 50155 50118
46170 50116 50153 50154 50117
46169 50115 50152 50153 50116
46168 50114 50151 50152 50115
46167 50113 50150 50151 50114
46166 50112 50149 50150 50113
46165 50111 50148 50149 50112
46164 50110 50147 50148 50111
46163 50109 50146 50147 50110
46162 50108 50145 50146 50109
46161 50107 50144 50145 50108
46160 50106 50143 50144 50107
46159 50105 50142 50143 50106
46158 50104 50141 50142 50105
46157 50103 50140 50141 50104
46156 50102 50139 50140 50103
46155 50101 50138 50139 50102
46154 50100 50137 50138 50101
46153 50099 50136 50137 50100
46152 50097 50134 50135 50098
46151 50096 50133 50134 50097
46150 50095 50132 50133 50096
46149 50094 50131 50132 50095
46148 50093 50130 50131 50094
46147 50092 50129 50130 50093
46146 50091 50128 50129 50092
46145 50090 50127 50128 50091
46144 50089 50126 50127 50090
46143 50088 50125 50126 50089
46142 50087 50124 50125 50088
46141 50086 50123 50124 50087
46140 50085 50122 50123 50086
46139 50084 50121 50122 50085
46138 50083 50120 50121 50084
46137 50082 50119 50120 50083
46136 50081 50118 50119 50082
46135 50080 50117 50118 50081
46134 50079 50116 50117 50080
46133 50078 50115 50116 50079
46132 50077 50114 50115 50078
46131 50076 50113 50114 50077
46130 50075 50112 50113 50076
46129 50074 50111 50112 50075
46128 50073 50110 50111 50074
46127 50072 50109 50110 50073
46126 50071 50108 50109 50072
46125 50070 50107 50108 50071
46124 50069 50106 50107 50070
46123 50068 50105 50106 50069
46122 50067 50104 50105 50068
46121 50066 50103 50104 50067
46120 50065 50102 50103 50066
46119 50064 50101 50102 50065
46118 50063 50100 50101 50064
46117 50062 50099 50100 50063
46116 50060 50097 50098 50061
46115 50059 50096 50097 50060
46114 50058 50095 50096 50059
46113 50057 50094 50095 50058
46112 50056 50093 50094 50057
46111 50055 50092 50093 50056
46110 50054 50091 50092 50055
46109 50053 50090 50091 50054
46108 50052 50089 50090 50053
46107 50051 50088 50089 50052
46106 50050 50087 50088 50051
46105 50049 50086 50087 50050
46104 50048 50085 50086 50049
46103 50047 50084 50085 50048
46102 50046 50083 50084 50047
46101 50045 50082 50083 50046
46100 50044 50081 50082 50045
46099 50043 50080 50081 50044
46098 50042 50079 50080 50043
46097 50041 50078 50079 50042
46096 50040 50077 50078 50041
46095 50039 50076 50077 50040
46094 50038 50075 50076 50039
46093 50037 50074 50075 50038
46092 50036 50073 50074 50037
46091 50035 50072 50073 50036
46090 50034 50071 50072 50035
46089 50033 50070 50071 50034
46088 50032 50069 50070 50033
46087 50031 50068 50069 50032
46086 50030 50067 50068 50031
46085 50029 50066 50067 50030
46084 50028 50065 50066 50029
46083 50027 50064 50065 50028
46082 50026 50063 50064 50027
46081 50025 50062 50063 50026
46080 50023 50060 50061 50024
46079 50022 50059 50060 50023
46078 50021 50058 50059 50022
46077 50020 50057 50058 50021
46076 50019 50056 50057 50020
46075 50018 50055 50056 50019
46074 50017 50054 50055 50018
46073 50016 50053 50054 50017
46072 50015 50052 50053 50016
46071 50014 50051 50052 50015
46070 50013 50050 50051 50014
46069 50012 50049 50050 50013
46068 50011 50048 50049 50012
46067 50010 50047 50048 50011
46066 50009 50046 50047 50010
46065 50008 50045 50046 50009
46064 50007 50044 50045 50008
46063 50006 50043 50044 50007
46062 50005 50042 50043 50006
46061 50004 50041 50042 50005
46060 50003 50040 50041 50004
46059 50002 50039 50040 50003
46058 50001 50038 50039 50002
46057 50000 50037 50038 50001
46056 49999 50036 50037 50000
46055 49998 50035 50036 49999
46054 49997 50034 50035 49998
46053 49996 50033 50034 49997
46052 49995 50032 50033 49996
46051 49994 50031 50032 49995
46050 49993 50030 50031 49994
46049 49992 50029 50030 49993
46048 49991 50028 50029 49992
46047 49990 50027 50028 49991
46046 49989 50026 50027 49990
46045 49988 50025 50026 49989
46044 49986 50023 50024 49987
46043 49985 50022 50023 49986
46042 49984 50021 50022 49985
46041 49983 50020 50021 49984
46040 49982 50019 50020 49983
46039 49981 50018 50019 49982
46038 49980 50017 50018 49981
46037 49979 50016 50017 49980
46036 49978 50015 50016 49979
46035 49977 50014 50015 49978
46034 49976 50013 50014 49977
46033 49975 50012 50013 49976
46032 49974 50011 50012 49975
46031 49973 50010 50011 49974
46030 49972 50009 50010 49973
46029 49971 50008 50009 49972
46028 49970 50007 50008 49971
46027 49969 50006 50007 49970
46026 49968 50005 50006 49969
46025 49967 50004 50005 49968
46024 49966 50003 50004 49967
46023 49965 50002 50003 49966
46022 49964 50001 50002 49965
46021 49963 50000 50001 49964
46020 49962 49999 50000 49963
46019 49961 49998 49999 49962
46018 49960 49997 49998 49961
46017 49959 49996 49997 49960
46016 49958 49995 49996 49959
46015 49957 49994 49995 49958
46014 49956 49993 49994 49957
46013 49955 49992 49993 49956
46012 49954 49991 49992 49955
46011 49953 49990 49991 49954
46010 49952 49989 49990 49953
46009 49951 49988 49989 49952
46008 49949 49986 49987 49950
46007 49948 49985 49986 49949
46006 49947 49984 49985 49948
46005 49946 49983 49984 49947
46004 49945 49982 49983 49946
46003 49944 49981 49982 49945
46002 49943 49980 49981 49944
46001 49942 49979 49980 49943
46000 49941 49978 49979 49942
45999 49940 49977 49978 49941
45998 49939 49976 49977 49940
45997 49938 49975 49976 49939
45996 49937 49974 49975 49938
45995 49936 49973 49974 49937
45994 49935 49972 49973 49936
45993 49934 49971 49972 49935
45992 49933 49970 49971 49934
45991 49932 49969 49970 49933
45990 49931 49968 49969 49932
45989 49930 49967 49968 49931
45988 49929 49966 49967 49930
45987 49928 49965 49966 49929
45986 49927 49964 49965 49928
45985 49926 49963 49964 49927
45984 49925 49962 49963 49926
45983 49924 49961 49962 49925
45982 49923 49960 49961 49924
45981 49922 49959 49960 49923
45980 49921 49958 49959 49922
45979 49920 49957 49958 49921
45978 49919 49956 49957 49920
45977 49918 49955 49956 49919
45976 49917 49954 49955 49918
45975 49916 49953 49954 49917
45974 49915 49952 49953 49916
45973 49914 49951 49952 49915
45972 49912 49949 49950 49913
45971 49911 49948 49949 49912
45970 49910 49947 49948 49911
45969 49909 49946 49947 49910
45968 49908 49945 49946 49909
45967 49907 49944 49945 49908
45966 49906 49943 49944 49907
45965 49905 49942 49943 49906
45964 49904 49941 49942 49905
45963 49903 49940 49941 49904
45962 49902 49939 49940 49903
45961 49901 49938 49939 49902
45960 49900 49937 49938 49901
45959 49899 49936 49937 49900
45958 49898 49935 49936 49899
45957 49897 49934 49935 49898
45956 49896 49933 49934 49897
45955 49895 49932 49933 49896
45954 49894 49931 49932 49895
45953 49893 49930 49931 49894
45952 49892 49929 49930 49893
45951 49891 49928 49929 49892
45950 49890 49927 49928 49891
45949 49889 49926 49927 49890
45948 49888 49925 49926 49889
45947 49887 49924 49925 49888
45946 49886 49923 49924 49887
45945 49885 49922 49923 49886
45944 49884 49921 49922 49885
45943 49883 49920 49921 49884
45942 49882 49919 49920 49883
45941 49881 49918 49919 49882
45940 49880 49917 49918 49881
45939 49879 49916 49917 49880
45938 49878 49915 49916 49879
45937 49877 49914 49915 49878
45936 49875 49912 49913 49876
45935 49874 49911 49912 49875
45934 49873 49910 49911 49874
45933 49872 49909 49910 49873
45932 49871 49908 49909 49872
45931 49870 49907 49908 49871
45930 49869 49906 49907 49870
45929 49868 49905 49906 49869
45928 49867 49904 49905 49868
45927 49866 49903 49904 49867
45926 49865 49902 49903 49866
45925 49864 49901 49902 49865
45924 49863 49900 49901 49864
45923 49862 49899 49900 49863
45922 49861 49898 49899 49862
45921 49860 49897 49898 49861
45920 49859 49896 49897 49860
45919 49858 49895 49896 49859
45918 49857 49894 49895 49858
45917 49856 49893 49894 49857
45916 49855 49892 49893 49856
45915 49854 49891 49892 49855
45914 49853 49890 49891 49854
45913 49852 49889 49890 49853
45912 49851 49888 49889 49852
45911 49850 49887 49888 49851
45910 49849 49886 49887 49850
45909 49848 49885 49886 49849
45908 49847 49884 49885 49848
45907 49846 49883 49884 49847
45906 49845 49882 49883 49846
45905 49844 49881 49882 49845
45904 49843 49880 49881 49844
45903 49842 49879 49880 49843
45902 49841 49878 49879 49842
45901 49840 49877 49878 49841
45900 49838 49875 49876 49839
45899 49837 49874 49875 49838
45898 49836 49873 49874 49837
45897 49835 49872 49873 49836
45896 49834 49871 49872 49835
45895 49833 49870 49871 49834
45894 49832 49869 49870 49833
45893 49831 49868 49869 49832
45892 49830 49867 49868 49831
45891 49829 49866 49867 49830
45890 49828 49865 49866 49829
45889 49827 49864 49865 49828
45888 49826 49863 49864 49827
45887 49825 49862 49863 49826
45886 49824 49861 49862 49825
45885 49823 49860 49861 49824
45884 49822 49859 49860 49823
45883 49821 49858 49859 49822
45882 49820 49857 49858 49821
45881 49819 49856 49857 49820
45880 49818 49855 49856 49819
45879 49817 49854 49855 49818
45878 49816 49853 49854 49817
45877 49815 49852 49853 49816
45876 49814 49851 49852 49815
45875 49813 49850 49851 49814
45874 49812 49849 49850 49813
45873 49811 49848 49849 49812
45872 49810 49847 49848 49811
45871 49809 49846 49847 49810
45870 49808 49845 49846 49809
45869 49807 49844 49845 49808
45868 49806 49843 49844 49807
45867 49805 49842 49843 49806
45866 49804 49841 49842 49805
45865 49803 49840 49841 49804
45864 49801 49838 49839 49802
45863 49800 49837 49838 49801
45862 49799 49836 49837 49800
45861 49798 49835 49836 49799
45860 49797 49834 49835 49798
45859 49796 49833 49834 49797
45858 49795 49832 49833 49796
45857 49794 49831 49832 49795
45856 49793 49830 49831 49794
45855 49792 49829 49830 49793
45854 49791 49828 49829 49792
45853 49790 49827 49828 49791
45852 49789 49826 49827 49790
45851 49788 49825 49826 49789
45850 49787 49824 49825 49788
45849 49786 49823 49824 49787
45848 49785 49822 49823 49786
45847 49784 49821 49822 49785
45846 49783 49820 49821 49784
45845 49782 49819 49820 49783
45844 49781 49818 49819 49782
45843 49780 49817 49818 49781
45842 49779 49816 49817 49780
45841 49778 49815 49816 49779
45840 49777 49814 49815 49778
45839 49776 49813 49814 49777
45838 49775 49812 49813 49776
45837 49774 49811 49812 49775
45836 49773 49810 49811 49774
45835 49772 49809 49810 49773
45834 49771 49808 49809 49772
45833 49770 49807 49808 49771
45832 49769 49806 49807 49770
45831 49768 49805 49806 49769
45830 49767 49804 49805 49768
45829 49766 49803 49804 49767
45828 49764 49801 49802 49765
45827 49763 49800 49801 49764
45826 49762 49799 49800 49763
45825 49761 49798 49799 49762
45824 49760 49797 49798 49761
45823 49759 49796 49797 49760
45822 49758 49795 49796 49759
45821 49757 49794 49795 49758
45820 49756 49793 49794 49757
45819 49755 49792 49793 49756
45818 49754 49791 49792 49755
45817 49753 49790 49791 49754
45816 49752 49789 49790 49753
45815 49751 49788 49789 49752
45814 49750 49787 49788 49751
45813 49749 49786 49787 49750
45812 49748 49785 49786 49749
45811 49747 49784 49785 49748
45810 49746 49783 49784 49747
45809 49745 49782 49783 49746
45808 49744 49781 49782 49745
45807 49743 49780 49781 49744
45806 49742 49779 49780 49743
45805 49741 49778 49779 49742
45804 49740 49777 49778 49741
45803 49739 49776 49777 49740
45802 49738 49775 49776 49739
45801 49737 49774 49775 49738
45800 49736 49773 49774 49737
45799 49735 49772 49773 49736
45798 49734 49771 49772 49735
45797 49733 49770 49771 49734
45796 49732 49769 49770 49733
45795 49731 49768 49769 49732
45794 49730 49767 49768 49731
45793 49729 49766 49767 49730
45792 49727 49764 49765 49728
45791 49726 49763 49764 49727
45790 49725 49762 49763 49726
45789 49724 49761 49762 49725
45788 49723 49760 49761 49724
45787 49722 49759 49760 49723
45786 49721 49758 49759 49722
45785 49720 49757 49758 49721
45784 49719 49756 49757 49720
45783 49718 49755 49756 49719
45782 49717 49754 49755 49718
45781 49716 49753 49754 49717
45780 49715 49752 49753 49716
45779 49714 49751 49752 49715
45778 49713 49750 49751 49714
45777 49712 49749 49750 49713
45776 49711 49748 49749 49712
45775 49710 49747 49748 49711
45774 49709 49746 49747 49710
45773 49708 49745 49746 49709
45772 49707 49744 49745 49708
45771 49706 49743 49744 49707
45770 49705 49742 49743 49706
45769 49704 49741 49742 49705
45768 49703 49740 49741 49704
45767 49702 49739 49740 49703
45766 49701 49738 49739 49702
45765 49700 49737 49738 49701
45764 49699 49736 49737 49700
45763 49698 49735 49736 49699
45762 49697 49734 49735 49698
45761 49696 49733 49734 49697
45760 49695 49732 49733 49696
45759 49694 49731 49732 49695
45758 49693 49730 49731 49694
45757 49692 49729 49730 49693
45756 49690 49727 49728 49691
45755 49689 49726 49727 49690
45754 49688 49725 49726 49689
45753 49687 49724 49725 49688
45752 49686 49723 49724 49687
45751 49685 49722 49723 49686
45750 49684 49721 49722 49685
45749 49683 49720 49721 49684
45748 49682 49719 49720 49683
45747 49681 49718 49719 49682
45746 49680 49717 49718 49681
45745 49679 49716 49717 49680
45744 49678 49715 49716 49679
45743 49677 49714 49715 49678
45742 49676 49713 49714 49677
45741 49675 49712 49713 49676
45740 49674 49711 49712 49675
45739 49673 49710 49711 49674
45738 49672 49709 49710 49673
45737 49671 49708 49709 49672
45736 49670 49707 49708 49671
45735 49669 49706 49707 49670
45734 49668 49705 49706 49669
45733 49667 49704 49705 49668
45732 49666 49703 49704 49667
45731 49665 49702 49703 49666
45730 49664 49701 49702 49665
45729 49663 49700 49701 49664
45728 49662 49699 49700 49663
45727 49661 49698 49699 49662
45726 49660 49697 49698 49661
45725 49659 49696 49697 49660
45724 49658 49695 49696 49659
45723 49657 49694 49695 49658
45722 49656 49693 49694 49657
45721 49655 49692 49693 49656
45720 49653 49690 49691 49654
45719 49652 49689 49690 49653
45718 49651 49688 49689 49652
45717 49650 49687 49688 49651
45716 49649 49686 49687 49650
45715 49648 49685 49686 49649
45714 49647 49684 49685 49648
45713 49646 49683 49684 49647
45712 49645 49682 49683 49646
45711 49644 49681 49682 49645
45710 49643 49680 49681 49644
45709 49642 49679 49680 49643
45708 49641 49678 49679 49642
45707 49640 49677 49678 49641
45706 49639 49676 49677 49640
45705 49638 49675 49676 49639
45704 49637 49674 49675 49638
45703 49636 49673 49674 49637
45702 49635 49672 49673 49636
45701 49634 49671 49672 49635
45700 49633 49670 49671 49634
45699 49632 49669 49670 49633
45698 49631 49668 49669 49632
45697 49630 49667 49668 49631
45696 49629 49666 49667 49630
45695 49628 49665 49666 49629
45694 49627 49664 49665 49628
45693 49626 49663 49664 49627
45692 49625 49662 49663 49626
45691 49624 49661 49662 49625
45690 49623 49660 49661 49624
45689 49622 49659 49660 49623
45688 49621 49658 49659 49622
45687 49620 49657 49658 49621
45686 49619 49656 49657 49620
45685 49618 49655 49656 49619
45684 49616 49653 49654 49617
45683 49615 49652 49653 49616
45682 49614 49651 49652 49615
45681 49613 49650 49651 49614
45680 49612 49649 49650 49613
45679 49611 49648 49649 49612
45678 49610 49647 49648 49611
45677 49609 49646 49647 49610
45676 49608 49645 49646 49609
45675 49607 49644 49645 49608
45674 49606 49643 49644 49607
45673 49605 49642 49643 49606
45672 49604 49641 49642 49605
45671 49603 49640 49641 49604
45670 49602 49639 49640 49603
45669 49601 49638 49639 49602
45668 49600 49637 49638 49601
45667 49599 49636 49637 49600
45666 49598 49635 49636 49599
45665 49597 49634 49635 49598
45664 49596 49633 49634 49597
45663 49595 49632 49633 49596
45662 49594 49631 49632 49595
45661 49593 49630 49631 49594
45660 49592 49629 49630 49593
45659 49591 49628 49629 49592
45658 49590 49627 49628 49591
45657 49589 49626 49627 49590
45656 49588 49625 49626 49589
45655 49587 49624 49625 49588
45654 49586 49623 49624 49587
45653 49585 49622 49623 49586
45652 49584 49621 49622 49585
45651 49583 49620 49621 49584
45650 49582 49619 49620 49583
45649 49581 49618 49619 49582
45648 49579 49616 49617 49580
45647 49578 49615 49616 49579
45646 49577 49614 49615 49578
45645 49576 49613 49614 49577
45644 49575 49612 49613 49576
45643 49574 49611 49612 49575
45642 49573 49610 49611 49574
45641 49572 49609 49610 49573
45640 49571 49608 49609 49572
45639 49570 49607 49608 49571
45638 49569 49606 49607 49570
45637 49568 49605 49606 49569
45636 49567 49604 49605 49568
45635 49566 49603 49604 49567
45634 49565 49602 49603 49566
45633 49564 49601 49602 49565
45632 49563 49600 49601 49564
45631 49562 49599 49600 49563
45630 49561 49598 49599 49562
45629 49560 49597 49598 49561
45628 49559 49596 49597 49560
45627 49558 49595 49596 49559
45626 49557 49594 49595 49558
45625 49556 49593 49594 49557
45624 49555 49592 49593 49556
45623 49554 49591 49592 49555
45622 49553 49590 49591 49554
45621 49552 49589 49590 49553
45620 49551 49588 49589 49552
45619 49550 49587 49588 49551
45618 49549 49586 49587 49550
45617 49548 49585 49586 49549
45616 49547 49584 49585 49548
45615 49546 49583 49584 49547
45614 49545 49582 49583 49546
45613 49544 49581 49582 49545
45612 49542 49579 49580 49543
45611 49541 49578 49579 49542
45610 49540 49577 49578 49541
45609 49539 49576 49577 49540
45608 49538 49575 49576 49539
45607 49537 49574 49575 49538
45606 49536 49573 49574 49537
45605 49535 49572 49573 49536
45604 49534 49571 49572 49535
45603 49533 49570 49571 49534
45602 49532 49569 49570 49533
45601 49531 49568 49569 49532
45600 49530 49567 49568 49531
45599 49529 49566 49567 49530
45598 49528 49565 49566 49529
45597 49527 49564 49565 49528
45596 49526 49563 49564 49527
45595 49525 49562 49563 49526
45594 49524 49561 49562 49525
45593 49523 49560 49561 49524
45592 49522 49559 49560 49523
45591 49521 49558 49559 49522
45590 49520 49557 49558 49521
45589 49519 49556 49557 49520
45588 49518 49555 49556 49519
45587 49517 49554 49555 49518
45586 49516 49553 49554 49517
45585 49515 49552 49553 49516
45584 49514 49551 49552 49515
45583 49513 49550 49551 49514
45582 49512 49549 49550 49513
45581 49511 49548 49549 49512
45580 49510 49547 49548 49511
45579 49509 49546 49547 49510
45578 49508 49545 49546 49509
45577 49507 49544 49545 49508
45576 49505 49542 49543 49506
45575 49504 49541 49542 49505
45574 49503 49540 49541 49504
45573 49502 49539 49540 49503
45572 49501 49538 49539 49502
45571 49500 49537 49538 49501
45570 49499 49536 49537 49500
45569 49498 49535 49536 49499
45568 49497 49534 49535 49498
45567 49496 49533 49534 49497
45566 49495 49532 49533 49496
45565 49494 49531 49532 49495
45564 49493 49530 49531 49494
45563 49492 49529 49530 49493
45562 49491 49528 49529 49492
45561 49490 49527 49528 49491
45560 49489 49526 49527 49490
45559 49488 49525 49526 49489
45558 49487 49524 49525 49488
45557 49486 49523 49524 49487
45556 49485 49522 49523 49486
45555 49484 49521 49522 49485
45554 49483 49520 49521 49484
45553 49482 49519 49520 49483
45552 49481 49518 49519 49482
45551 49480 49517 49518 49481
45550 49479 49516 49517 49480
45549 49478 49515 49516 49479
45548 49477 49514 49515 49478
45547 49476 49513 49514 49477
45546 49475 49512 49513 49476
45545 49474 49511 49512 49475
45544 49473 49510 49511 49474
45543 49472 49509 49510 49473
45542 49471 49508 49509 49472
45541 49470 49507 49508 49471
45540 49468 49505 49506 49469
45539 49467 49504 49505 49468
45538 49466 49503 49504 49467
45537 49465 49502 49503 49466
45536 49464 49501 49502 49465
45535 49463 49500 49501 49464
45534 49462 49499 49500 49463
45533 49461 49498 49499 49462
45532 49460 49497 49498 49461
45531 49459 49496 49497 49460
45530 49458 49495 49496 49459
45529 49457 49494 49495 49458
45528 49456 49493 49494 49457
45527 49455 49492 49493 49456
45526 49454 49491 49492 49455
45525 49453 49490 49491 49454
45524 49452 49489 49490 49453
45523 49451 49488 49489 49452
45522 49450 49487 49488 49451
45521 49449 49486 49487 49450
45520 49448 49485 49486 49449
45519 49447 49484 49485 49448
45518 49446 49483 49484 49447
45517 49445 49482 49483 49446
45516 49444 49481 49482 49445
45515 49443 49480 49481 49444
45514 49442 49479 49480 49443
45513 49441 49478 49479 49442
45512 49440 49477 49478 49441
45511 49439 49476 49477 49440
45510 49438 49475 49476 49439
45509 49437 49474 49475 49438
45508 49436 49473 49474 49437
45507 49435 49472 49473 49436
45506 49434 49471 49472 49435
45505 49433 49470 49471 49434
45504 49431 49468 49469 49432
45503 49430 49467 49468 49431
45502 49429 49466 49467 49430
45501 49428 49465 49466 49429
45500 49427 49464 49465 49428
45499 49426 49463 49464 49427
45498 49425 49462 49463 49426
45497 49424 49461 49462 49425
45496 49423 49460 49461 49424
45495 49422 49459 49460 49423
45494 49421 49458 49459 49422
45493 49420 49457 49458 49421
45492 49419 49456 49457 49420
45491 49418 49455 49456 49419
45490 49417 49454 49455 49418
45489 49416 49453 49454 49417
45488 49415 49452 49453 49416
45487 49414 49451 49452 49415
45486 49413 49450 49451 49414
45485 49412 49449 49450 49413
45484 49411 49448 49449 49412
45483 49410 49447 49448 49411
45482 49409 49446 49447 49410
45481 49408 49445 49446 49409
45480 49407 49444 49445 49408
45479 49406 49443 49444 49407
45478 49405 49442 49443 49406
45477 49404 49441 49442 49405
45476 49403 49440 49441 49404
45475 49402 49439 49440 49403
45474 49401 49438 49439 49402
45473 49400 49437 49438 49401
45472 49399 49436 49437 49400
45471 49398 49435 49436 49399
45470 49397 49434 49435 49398
45469 49396 49433 49434 49397
45468 49394 49431 49432 49395
45467 49393 49430 49431 49394
45466 49392 49429 49430 49393
45465 49391 49428 49429 49392
45464 49390 49427 49428 49391
45463 49389 49426 49427 49390
45462 49388 49425 49426 49389
45461 49387 49424 49425 49388
45460 49386 49423 49424 49387
45459 49385 49422 49423 49386
45458 49384 49421 49422 49385
45457 49383 49420 49421 49384
45456 49382 49419 49420 49383
45455 49381 49418 49419 49382
45454 49380 49417 49418 49381
45453 49379 49416 49417 49380
45452 49378 49415 49416 49379
45451 49377 49414 49415 49378
45450 49376 49413 49414 49377
45449 49375 49412 49413 49376
45448 49374 49411 49412 49375
45447 49373 49410 49411 49374
45446 49372 49409 49410 49373
45445 49371 49408 49409 49372
45444 49370 49407 49408 49371
45443 49369 49406 49407 49370
45442 49368 49405 49406 49369
45441 49367 49404 49405 49368
45440 49366 49403 49404 49367
45439 49365 49402 49403 49366
45438 49364 49401 49402 49365
45437 49363 49400 49401 49364
45436 49362 49399 49400 49363
45435 49361 49398 49399 49362
45434 49360 49397 49398 49361
45433 49359 49396 49397 49360
45432 49356 49394 49395 49358
45431 49354 49393 49394 49356
45430 49352 49392 49393 49354
45429 49350 49391 49392 49352
45428 49348 49390 49391 49350
45427 49346 49389 49390 49348
45426 49344 49388 49389 49346
45425 49342 49387 49388 49344
45424 49340 49386 49387 49342
45423 49338 49385 49386 49340
45422 49336 49384 49385 49338
45421 49334 49383 49384 49336
45420 49332 49382 49383 49334
45419 49330 49381 49382 49332
45418 49328 49380 49381 49330
45417 49326 49379 49380 49328
45416 49324 49378 49379 49326
45415 49322 49377 49378 49324
45414 49320 49376 49377 49322
45413 49318 49375 49376 49320
45412 49316 49374 49375 49318
45411 49314 49373 49374 49316
45410 49312 49372 49373 49314
45409 49310 49371 49372 49312
45408 49308 49370 49371 49310
45407 49306 49369 49370 49308
45406 49304 49368 49369 49306
45405 49302 49367 49368 49304
45404 49300 49366 49367 49302
45403 49298 49365 49366 49300
45402 49296 49364 49365 49298
45401 49294 49363 49364 49296
45400 49292 49362 49363 49294
45399 49290 49361 49362 49292
45398 49288 49360 49361 49290
45397 49286 49359 49360 49288
45396 49355 49356 49358 49357
45395 49353 49354 49356 49355
45394 49351 49352 49354 49353
45393 49349 49350 49352 49351
45392 49347 49348 49350 49349
45391 49345 49346 49348 49347
45390 49343 49344 49346 49345
45389 49341 49342 49344 49343
45388 49339 49340 49342 49341
45387 49337 49338 49340 49339
45386 49335 49336 49338 49337
45385 49333 49334 49336 49335
45384 49331 49332 49334 49333
45383 49329 49330 49332 49331
45382 49327 49328 49330 49329
45381 49325 49326 49328 49327
45380 49323 49324 49326 49325
45379 49321 49322 49324 49323
45378 49319 49320 49322 49321
45377 49317 49318 49320 49319
45376 49315 49316 49318 49317
45375 49313 49314 49316 49315
45374 49311 49312 49314 49313
45373 49309 49310 49312 49311
45372 49307 49308 49310 49309
45371 49305 49306 49308 49307
45370 49303 49304 49306 49305
45369 49301 49302 49304 49303
45368 49299 49300 49302 49301
45367 49297 49298 49300 49299
45366 49295 49296 49298 49297
45365 49293 49294 49296 49295
45364 49291 49292 49294 49293
45363 49289 49290 49292 49291
45362 49287 49288 49290 49289
45361 49285 49286 49288 49287
