1296
1296 2735 2736 2738 2737
1295 2733 2734 2736 2735
1294 2731 2732 2734 2733
1293 2729 2730 2732 2731
1292 2727 2728 2730 2729
1291 2725 2726 2728 2727
1290 2723 2724 2726 2725
1289 2721 2722 2724 2723
1288 2719 2720 2722 2721
1287 2717 2718 2720 2719
1286 2715 2716 2718 2717
1285 2713 2714 2716 2715
1284 2711 2712 2714 2713
1283 2709 2710 2712 2711
1282 2707 2708 2710 2709
1281 2705 2706 2708 2707
1280 2703 2704 2706 2705
1279 2701 2702 2704 2703
1278 2699 2700 2702 2701
1277 2697 2698 2700 2699
1276 2695 2696 2698 2697
1275 2693 2694 2696 2695
1274 2691 2692 2694 2693
1273 2689 2690 2692 2691
1272 2687 2688 2690 2689
1271 2685 2686 2688 2687
1270 2683 2684 2686 2685
1269 2681 2682 2684 2683
1268 2679 2680 2682 2681
1267 2677 2678 2680 2679
1266 2675 2676 2678 2677
1265 2673 2674 2676 2675
1264 2671 2672 2674 2673
1263 2669 2670 2672 2671
1262 2667 2668 2670 2669
1261 2665 2666 2668 2667
2592 4106 2735 2737 4107
2591 4105 2733 2735 4106
2590 4104 2731 2733 4105
2589 4103 2729 2731 4104
2588 4102 2727 2729 4103
2587 4101 2725 2727 4102
2586 4100 2723 2725 4101
2585 4099 2721 2723 4100
2584 4098 2719 2721 4099
2583 4097 2717 2719 4098
2582 4096 2715 2717 4097
2581 4095 2713 2715 4096
2580 4094 2711 2713 4095
2579 4093 2709 2711 4094
2578 4092 2707 2709 4093
2577 4091 2705 2707 4092
2576 4090 2703 2705 4091
2575 4089 2701 2703 4090
2574 4088 2699 2701 4089
2573 4087 2697 2699 4088
2572 4086 2695 2697 4087
2571 4085 2693 2695 4086
2570 4084 2691 2693 4085
2569 4083 2689 2691 4084
2568 4082 2687 2689 4083
2567 4081 2685 2687 4082
2566 4080 2683 2685 4081
2565 4079 2681 2683 4080
2564 4078 2679 2681 4079
2563 4077 2677 2679 4078
2562 4076 2675 2677 4077
2561 4075 2673 2675 4076
2560 4074 2671 2673 4075
2559 4073 2669 2671 4074
2558 4072 2667 2669 4073
2557 4071 2665 2667 4072
3888 5475 4106 4107 5476
3887 5474 4105 4106 5475
3886 5473 4104 4105 5474
3885 5472 4103 4104 5473
3884 5471 4102 4103 5472
3883 5470 4101 4102 5471
3882 5469 4100 4101 5470
3881 5468 4099 4100 5469
3880 5467 4098 4099 5468
3879 5466 4097 4098 5467
3878 5465 4096 4097 5466
3877 5464 4095 4096 5465
3876 5463 4094 4095 5464
3875 5462 4093 4094 5463
3874 5461 4092 4093 5462
3873 5460 4091 4092 5461
3872 5459 4090 4091 5460
3871 5458 4089 4090 5459
3870 5457 4088 4089 5458
3869 5456 4087 4088 5457
3868 5455 4086 4087 5456
3867 5454 4085 4086 5455
3866 5453 4084 4085 5454
3865 5452 4083 4084 5453
3864 5451 4082 4083 5452
3863 5450 4081 4082 5451
3862 5449 4080 4081 5450
3861 5448 4079 4080 5449
3860 5447 4078 4079 5448
3859 5446 4077 4078 5447
3858 5445 4076 4077 5446
3857 5444 4075 4076 5445
3856 5443 4074 4075 5444
3855 5442 4073 4074 5443
3854 5441 4072 4073 5442
3853 5440 4071 4072 5441
5184 6844 5475 5476 6845
5183 6843 5474 5475 6844
5182 6842 5473 5474 6843
5181 6841 5472 5473 6842
5180 6840 5471 5472 6841
5179 6839 5470 5471 6840
5178 6838 5469 5470 6839
5177 6837 5468 5469 6838
5176 6836 5467 5468 6837
5175 6835 5466 5467 6836
5174 6834 5465 5466 6835
5173 6833 5464 5465 6834
5172 6832 5463 5464 6833
5171 6831 5462 5463 6832
5170 6830 5461 5462 6831
5169 6829 5460 5461 6830
5168 6828 5459 5460 6829
5167 6827 5458 5459 6828
5166 6826 5457 5458 6827
5165 6825 5456 5457 6826
5164 6824 5455 5456 6825
5163 6823 5454 5455 6824
5162 6822 5453 5454 6823
5161 6821 5452 5453 6822
5160 6820 5451 5452 6821
5159 6819 5450 5451 6820
5158 6818 5449 5450 6819
5157 6817 5448 5449 6818
5156 6816 5447 5448 6817
5155 6815 5446 5447 6816
5154 6814 5445 5446 6815
5153 6813 5444 5445 6814
5152 6812 5443 5444 6813
5151 6811 5442 5443 6812
5150 6810 5441 5442 6811
5149 6809 5440 5441 6810
6480 8213 6844 6845 8214
6479 8212 6843 6844 8213
6478 8211 6842 6843 8212
6477 8210 6841 6842 8211
6476 8209 6840 6841 8210
6475 8208 6839 6840 8209
6474 8207 6838 6839 8208
6473 8206 6837 6838 8207
6472 8205 6836 6837 8206
6471 8204 6835 6836 8205
6470 8203 6834 6835 8204
6469 8202 6833 6834 8203
6468 8201 6832 6833 8202
6467 8200 6831 6832 8201
6466 8199 6830 6831 8200
6465 8198 6829 6830 8199
6464 8197 6828 6829 8198
6463 8196 6827 6828 8197
6462 8195 6826 6827 8196
6461 8194 6825 6826 8195
6460 8193 6824 6825 8194
6459 8192 6823 6824 8193
6458 8191 6822 6823 8192
6457 8190 6821 6822 8191
6456 8189 6820 6821 8190
6455 8188 6819 6820 8189
6454 8187 6818 6819 8188
6453 8186 6817 6818 8187
6452 8185 6816 6817 8186
6451 8184 6815 6816 8185
6450 8183 6814 6815 8184
6449 8182 6813 6814 8183
6448 8181 6812 6813 8182
6447 8180 6811 6812 8181
6446 8179 6810 6811 8180
6445 8178 6809 6810 8179
7776 9582 8213 8214 9583
7775 9581 8212 8213 9582
7774 9580 8211 8212 9581
7773 9579 8210 8211 9580
7772 9578 8209 8210 9579
7771 9577 8208 8209 9578
7770 9576 8207 8208 9577
7769 9575 8206 8207 9576
7768 9574 8205 8206 9575
7767 9573 8204 8205 9574
7766 9572 8203 8204 9573
7765 9571 8202 8203 9572
7764 9570 8201 8202 9571
7763 9569 8200 8201 9570
7762 9568 8199 8200 9569
7761 9567 8198 8199 9568
7760 9566 8197 8198 9567
7759 9565 8196 8197 9566
7758 9564 8195 8196 9565
7757 9563 8194 8195 9564
7756 9562 8193 8194 9563
7755 9561 8192 8193 9562
7754 9560 8191 8192 9561
7753 9559 8190 8191 9560
7752 9558 8189 8190 9559
7751 9557 8188 8189 9558
7750 9556 8187 8188 9557
7749 9555 8186 8187 9556
7748 9554 8185 8186 9555
7747 9553 8184 8185 9554
7746 9552 8183 8184 9553
7745 9551 8182 8183 9552
7744 9550 8181 8182 9551
7743 9549 8180 8181 9550
7742 9548 8179 8180 9549
7741 9547 8178 8179 9548
9072 10951 9582 9583 10952
9071 10950 9581 9582 10951
9070 10949 9580 9581 10950
9069 10948 9579 9580 10949
9068 10947 9578 9579 10948
9067 10946 9577 9578 10947
9066 10945 9576 9577 10946
9065 10944 9575 9576 10945
9064 10943 9574 9575 10944
9063 10942 9573 9574 10943
9062 10941 9572 9573 10942
9061 10940 9571 9572 10941
9060 10939 9570 9571 10940
9059 10938 9569 9570 10939
9058 10937 9568 9569 10938
9057 10936 9567 9568 10937
9056 10935 9566 9567 10936
9055 10934 9565 9566 10935
9054 10933 9564 9565 10934
9053 10932 9563 9564 10933
9052 10931 9562 9563 10932
9051 10930 9561 9562 10931
9050 10929 9560 9561 10930
9049 10928 9559 9560 10929
9048 10927 9558 9559 10928
9047 10926 9557 9558 10927
9046 10925 9556 9557 10926
9045 10924 9555 9556 10925
9044 10923 9554 9555 10924
9043 10922 9553 9554 10923
9042 10921 9552 9553 10922
9041 10920 9551 9552 10921
9040 10919 9550 9551 10920
9039 10918 9549 9550 10919
9038 10917 9548 9549 10918
9037 10916 9547 9548 10917
10368 12320 10951 10952 12321
10367 12319 10950 10951 12320
10366 12318 10949 10950 12319
10365 12317 10948 10949 12318
10364 12316 10947 10948 12317
10363 12315 10946 10947 12316
10362 12314 10945 10946 12315
10361 12313 10944 10945 12314
10360 12312 10943 10944 12313
10359 12311 10942 10943 12312
10358 12310 10941 10942 12311
10357 12309 10940 10941 12310
10356 12308 10939 10940 12309
10355 12307 10938 10939 12308
10354 12306 10937 10938 12307
10353 12305 10936 10937 12306
10352 12304 10935 10936 12305
10351 12303 10934 10935 12304
10350 12302 10933 10934 12303
10349 12301 10932 10933 12302
10348 12300 10931 10932 12301
10347 12299 10930 10931 12300
10346 12298 10929 10930 12299
10345 12297 10928 10929 12298
10344 12296 10927 10928 12297
10343 12295 10926 10927 12296
10342 12294 10925 10926 12295
10341 12293 10924 10925 12294
10340 12292 10923 10924 12293
10339 12291 10922 10923 12292
10338 12290 10921 10922 12291
10337 12289 10920 10921 12290
10336 12288 10919 10920 12289
10335 12287 10918 10919 12288
10334 12286 10917 10918 12287
10333 12285 10916 10917 12286
11664 13689 12320 12321 13690
11663 13688 12319 12320 13689
11662 13687 12318 12319 13688
11661 13686 12317 12318 13687
11660 13685 12316 12317 13686
11659 13684 12315 12316 13685
11658 13683 12314 12315 13684
11657 13682 12313 12314 13683
11656 13681 12312 12313 13682
11655 13680 12311 12312 13681
11654 13679 12310 12311 13680
11653 13678 12309 12310 13679
11652 13677 12308 12309 13678
11651 13676 12307 12308 13677
11650 13675 12306 12307 13676
11649 13674 12305 12306 13675
11648 13673 12304 12305 13674
11647 13672 12303 12304 13673
11646 13671 12302 12303 13672
11645 13670 12301 12302 13671
11644 13669 12300 12301 13670
11643 13668 12299 12300 13669
11642 13667 12298 12299 13668
11641 13666 12297 12298 13667
11640 13665 12296 12297 13666
11639 13664 12295 12296 13665
11638 13663 12294 12295 13664
11637 13662 12293 12294 13663
11636 13661 12292 12293 13662
11635 13660 12291 12292 13661
11634 13659 12290 12291 13660
11633 13658 12289 12290 13659
11632 13657 12288 12289 13658
11631 13656 12287 12288 13657
11630 13655 12286 12287 13656
11629 13654 12285 12286 13655
12960 15058 13689 13690 15059
12959 15057 13688 13689 15058
12958 15056 13687 13688 15057
12957 15055 13686 13687 15056
12956 15054 13685 13686 15055
12955 15053 13684 13685 15054
12954 15052 13683 13684 15053
12953 15051 13682 13683 15052
12952 15050 13681 13682 15051
12951 15049 13680 13681 15050
12950 15048 13679 13680 15049
12949 15047 13678 13679 15048
12948 15046 13677 13678 15047
12947 15045 13676 13677 15046
12946 15044 13675 13676 15045
12945 15043 13674 13675 15044
12944 15042 13673 13674 15043
12943 15041 13672 13673 15042
12942 15040 13671 13672 15041
12941 15039 13670 13671 15040
12940 15038 13669 13670 15039
12939 15037 13668 13669 15038
12938 15036 13667 13668 15037
12937 15035 13666 13667 15036
12936 15034 13665 13666 15035
12935 15033 13664 13665 15034
12934 15032 13663 13664 15033
12933 15031 13662 13663 15032
12932 15030 13661 13662 15031
12931 15029 13660 13661 15030
12930 15028 13659 13660 15029
12929 15027 13658 13659 15028
12928 15026 13657 13658 15027
12927 15025 13656 13657 15026
12926 15024 13655 13656 15025
12925 15023 13654 13655 15024
14256 16427 15058 15059 16428
14255 16426 15057 15058 16427
14254 16425 15056 15057 16426
14253 16424 15055 15056 16425
14252 16423 15054 15055 16424
14251 16422 15053 15054 16423
14250 16421 15052 15053 16422
14249 16420 15051 15052 16421
14248 16419 15050 15051 16420
14247 16418 15049 15050 16419
14246 16417 15048 15049 16418
14245 16416 15047 15048 16417
14244 16415 15046 15047 16416
14243 16414 15045 15046 16415
14242 16413 15044 15045 16414
14241 16412 15043 15044 16413
14240 16411 15042 15043 16412
14239 16410 15041 15042 16411
14238 16409 15040 15041 16410
14237 16408 15039 15040 16409
14236 16407 15038 15039 16408
14235 16406 15037 15038 16407
14234 16405 15036 15037 16406
14233 16404 15035 15036 16405
14232 16403 15034 15035 16404
14231 16402 15033 15034 16403
14230 16401 15032 15033 16402
14229 16400 15031 15032 16401
14228 16399 15030 15031 16400
14227 16398 15029 15030 16399
14226 16397 15028 15029 16398
14225 16396 15027 15028 16397
14224 16395 15026 15027 16396
14223 16394 15025 15026 16395
14222 16393 15024 15025 16394
14221 16392 15023 15024 16393
15552 17796 16427 16428 17797
15551 17795 16426 16427 17796
15550 17794 16425 16426 17795
15549 17793 16424 16425 17794
15548 17792 16423 16424 17793
15547 17791 16422 16423 17792
15546 17790 16421 16422 17791
15545 17789 16420 16421 17790
15544 17788 16419 16420 17789
15543 17787 16418 16419 17788
15542 17786 16417 16418 17787
15541 17785 16416 16417 17786
15540 17784 16415 16416 17785
15539 17783 16414 16415 17784
15538 17782 16413 16414 17783
15537 17781 16412 16413 17782
15536 17780 16411 16412 17781
15535 17779 16410 16411 17780
15534 17778 16409 16410 17779
15533 17777 16408 16409 17778
15532 17776 16407 16408 17777
15531 17775 16406 16407 17776
15530 17774 16405 16406 17775
15529 17773 16404 16405 17774
15528 17772 16403 16404 17773
15527 17771 16402 16403 17772
15526 17770 16401 16402 17771
15525 17769 16400 16401 17770
15524 17768 16399 16400 17769
15523 17767 16398 16399 17768
15522 17766 16397 16398 17767
15521 17765 16396 16397 17766
15520 17764 16395 16396 17765
15519 17763 16394 16395 17764
15518 17762 16393 16394 17763
15517 17761 16392 16393 17762
16848 19165 17796 17797 19166
16847 19164 17795 17796 19165
16846 19163 17794 17795 19164
16845 19162 17793 17794 19163
16844 19161 17792 17793 19162
16843 19160 17791 17792 19161
16842 19159 17790 17791 19160
16841 19158 17789 17790 19159
16840 19157 17788 17789 19158
16839 19156 17787 17788 19157
16838 19155 17786 17787 19156
16837 19154 17785 17786 19155
16836 19153 17784 17785 19154
16835 19152 17783 17784 19153
16834 19151 17782 17783 19152
16833 19150 17781 17782 19151
16832 19149 17780 17781 19150
16831 19148 17779 17780 19149
16830 19147 17778 17779 19148
16829 19146 17777 17778 19147
16828 19145 17776 17777 19146
16827 19144 17775 17776 19145
16826 19143 17774 17775 19144
16825 19142 17773 17774 19143
16824 19141 17772 17773 19142
16823 19140 17771 17772 19141
16822 19139 17770 17771 19140
16821 19138 17769 17770 19139
16820 19137 17768 17769 19138
16819 19136 17767 17768 19137
16818 19135 17766 17767 19136
16817 19134 17765 17766 19135
16816 19133 17764 17765 19134
16815 19132 17763 17764 19133
16814 19131 17762 17763 19132
16813 19130 17761 17762 19131
18144 20534 19165 19166 20535
18143 20533 19164 19165 20534
18142 20532 19163 19164 20533
18141 20531 19162 19163 20532
18140 20530 19161 19162 20531
18139 20529 19160 19161 20530
18138 20528 19159 19160 20529
18137 20527 19158 19159 20528
18136 20526 19157 19158 20527
18135 20525 19156 19157 20526
18134 20524 19155 19156 20525
18133 20523 19154 19155 20524
18132 20522 19153 19154 20523
18131 20521 19152 19153 20522
18130 20520 19151 19152 20521
18129 20519 19150 19151 20520
18128 20518 19149 19150 20519
18127 20517 19148 19149 20518
18126 20516 19147 19148 20517
18125 20515 19146 19147 20516
18124 20514 19145 19146 20515
18123 20513 19144 19145 20514
18122 20512 19143 19144 20513
18121 20511 19142 19143 20512
18120 20510 19141 19142 20511
18119 20509 19140 19141 20510
18118 20508 19139 19140 20509
18117 20507 19138 19139 20508
18116 20506 19137 19138 20507
18115 20505 19136 19137 20506
18114 20504 19135 19136 20505
18113 20503 19134 19135 20504
18112 20502 19133 19134 20503
18111 20501 19132 19133 20502
18110 20500 19131 19132 20501
18109 20499 19130 19131 20500
19440 21903 20534 20535 21904
19439 21902 20533 20534 21903
19438 21901 20532 20533 21902
19437 21900 20531 20532 21901
19436 21899 20530 20531 21900
19435 21898 20529 20530 21899
19434 21897 20528 20529 21898
19433 21896 20527 20528 21897
19432 21895 20526 20527 21896
19431 21894 20525 20526 21895
19430 21893 20524 20525 21894
19429 21892 20523 20524 21893
19428 21891 20522 20523 21892
19427 21890 20521 20522 21891
19426 21889 20520 20521 21890
19425 21888 20519 20520 21889
19424 21887 20518 20519 21888
19423 21886 20517 20518 21887
19422 21885 20516 20517 21886
19421 21884 20515 20516 21885
19420 21883 20514 20515 21884
19419 21882 20513 20514 21883
19418 21881 20512 20513 21882
19417 21880 20511 20512 21881
19416 21879 20510 20511 21880
19415 21878 20509 20510 21879
19414 21877 20508 20509 21878
19413 21876 20507 20508 21877
19412 21875 20506 20507 21876
19411 21874 20505 20506 21875
19410 21873 20504 20505 21874
19409 21872 20503 20504 21873
19408 21871 20502 20503 21872
19407 21870 20501 20502 21871
19406 21869 20500 20501 21870
19405 21868 20499 20500 21869
20736 23272 21903 21904 23273
20735 23271 21902 21903 23272
20734 23270 21901 21902 23271
20733 23269 21900 21901 23270
20732 23268 21899 21900 23269
20731 23267 21898 21899 23268
20730 23266 21897 21898 23267
20729 23265 21896 21897 23266
20728 23264 21895 21896 23265
20727 23263 21894 21895 23264
20726 23262 21893 21894 23263
20725 23261 21892 21893 23262
20724 23260 21891 21892 23261
20723 23259 21890 21891 23260
20722 23258 21889 21890 23259
20721 23257 21888 21889 23258
20720 23256 21887 21888 23257
20719 23255 21886 21887 23256
20718 23254 21885 21886 23255
20717 23253 21884 21885 23254
20716 23252 21883 21884 23253
20715 23251 21882 21883 23252
20714 23250 21881 21882 23251
20713 23249 21880 21881 23250
20712 23248 21879 21880 23249
20711 23247 21878 21879 23248
20710 23246 21877 21878 23247
20709 23245 21876 21877 23246
20708 23244 21875 21876 23245
20707 23243 21874 21875 23244
20706 23242 21873 21874 23243
20705 23241 21872 21873 23242
20704 23240 21871 21872 23241
20703 23239 21870 21871 23240
20702 23238 21869 21870 23239
20701 23237 21868 21869 23238
22032 24641 23272 23273 24642
22031 24640 23271 23272 24641
22030 24639 23270 23271 24640
22029 24638 23269 23270 24639
22028 24637 23268 23269 24638
22027 24636 23267 23268 24637
22026 24635 23266 23267 24636
22025 24634 23265 23266 24635
22024 24633 23264 23265 24634
22023 24632 23263 23264 24633
22022 24631 23262 23263 24632
22021 24630 23261 23262 24631
22020 24629 23260 23261 24630
22019 24628 23259 23260 24629
22018 24627 23258 23259 24628
22017 24626 23257 23258 24627
22016 24625 23256 23257 24626
22015 24624 23255 23256 24625
22014 24623 23254 23255 24624
22013 24622 23253 23254 24623
22012 24621 23252 23253 24622
22011 24620 23251 23252 24621
22010 24619 23250 23251 24620
22009 24618 23249 23250 24619
22008 24617 23248 23249 24618
22007 24616 23247 23248 24617
22006 24615 23246 23247 24616
22005 24614 23245 23246 24615
22004 24613 23244 23245 24614
22003 24612 23243 23244 24613
22002 24611 23242 23243 24612
22001 24610 23241 23242 24611
22000 24609 23240 23241 24610
21999 24608 23239 23240 24609
21998 24607 23238 23239 24608
21997 24606 23237 23238 24607
23328 26010 24641 24642 26011
23327 26009 24640 24641 26010
23326 26008 24639 24640 26009
23325 26007 24638 24639 26008
23324 26006 24637 24638 26007
23323 26005 24636 24637 26006
23322 26004 24635 24636 26005
23321 26003 24634 24635 26004
23320 26002 24633 24634 26003
23319 26001 24632 24633 26002
23318 26000 24631 24632 26001
23317 25999 24630 24631 26000
23316 25998 24629 24630 25999
23315 25997 24628 24629 25998
23314 25996 24627 24628 25997
23313 25995 24626 24627 25996
23312 25994 24625 24626 25995
23311 25993 24624 24625 25994
23310 25992 24623 24624 25993
23309 25991 24622 24623 25992
23308 25990 24621 24622 25991
23307 25989 24620 24621 25990
23306 25988 24619 24620 25989
23305 25987 24618 24619 25988
23304 25986 24617 24618 25987
23303 25985 24616 24617 25986
23302 25984 24615 24616 25985
23301 25983 24614 24615 25984
23300 25982 24613 24614 25983
23299 25981 24612 24613 25982
23298 25980 24611 24612 25981
23297 25979 24610 24611 25980
23296 25978 24609 24610 25979
23295 25977 24608 24609 25978
23294 25976 24607 24608 25977
23293 25975 24606 24607 25976
24624 27379 26010 26011 27380
24623 27378 26009 26010 27379
24622 27377 26008 26009 27378
24621 27376 26007 26008 27377
24620 27375 26006 26007 27376
24619 27374 26005 26006 27375
24618 27373 26004 26005 27374
24617 27372 26003 26004 27373
24616 27371 26002 26003 27372
24615 27370 26001 26002 27371
24614 27369 26000 26001 27370
24613 27368 25999 26000 27369
24612 27367 25998 25999 27368
24611 27366 25997 25998 27367
24610 27365 25996 25997 27366
24609 27364 25995 25996 27365
24608 27363 25994 25995 27364
24607 27362 25993 25994 27363
24606 27361 25992 25993 27362
24605 27360 25991 25992 27361
24604 27359 25990 25991 27360
24603 27358 25989 25990 27359
24602 27357 25988 25989 27358
24601 27356 25987 25988 27357
24600 27355 25986 25987 27356
24599 27354 25985 25986 27355
24598 27353 25984 25985 27354
24597 27352 25983 25984 27353
24596 27351 25982 25983 27352
24595 27350 25981 25982 27351
24594 27349 25980 25981 27350
24593 27348 25979 25980 27349
24592 27347 25978 25979 27348
24591 27346 25977 25978 27347
24590 27345 25976 25977 27346
24589 27344 25975 25976 27345
25920 28748 27379 27380 28749
25919 28747 27378 27379 28748
25918 28746 27377 27378 28747
25917 28745 27376 27377 28746
25916 28744 27375 27376 28745
25915 28743 27374 27375 28744
25914 28742 27373 27374 28743
25913 28741 27372 27373 28742
25912 28740 27371 27372 28741
25911 28739 27370 27371 28740
25910 28738 27369 27370 28739
25909 28737 27368 27369 28738
25908 28736 27367 27368 28737
25907 28735 27366 27367 28736
25906 28734 27365 27366 28735
25905 28733 27364 27365 28734
25904 28732 27363 27364 28733
25903 28731 27362 27363 28732
25902 28730 27361 27362 28731
25901 28729 27360 27361 28730
25900 28728 27359 27360 28729
25899 28727 27358 27359 28728
25898 28726 27357 27358 28727
25897 28725 27356 27357 28726
25896 28724 27355 27356 28725
25895 28723 27354 27355 28724
25894 28722 27353 27354 28723
25893 28721 27352 27353 28722
25892 28720 27351 27352 28721
25891 28719 27350 27351 28720
25890 28718 27349 27350 28719
25889 28717 27348 27349 28718
25888 28716 27347 27348 28717
25887 28715 27346 27347 28716
25886 28714 27345 27346 28715
25885 28713 27344 27345 28714
27216 30117 28748 28749 30118
27215 30116 28747 28748 30117
27214 30115 28746 28747 30116
27213 30114 28745 28746 30115
27212 30113 28744 28745 30114
27211 30112 28743 28744 30113
27210 30111 28742 28743 30112
27209 30110 28741 28742 30111
27208 30109 28740 28741 30110
27207 30108 28739 28740 30109
27206 30107 28738 28739 30108
27205 30106 28737 28738 30107
27204 30105 28736 28737 30106
27203 30104 28735 28736 30105
27202 30103 28734 28735 30104
27201 30102 28733 28734 30103
27200 30101 28732 28733 30102
27199 30100 28731 28732 30101
27198 30099 28730 28731 30100
27197 30098 28729 28730 30099
27196 30097 28728 28729 30098
27195 30096 28727 28728 30097
27194 30095 28726 28727 30096
27193 30094 28725 28726 30095
27192 30093 28724 28725 30094
27191 30092 28723 28724 30093
27190 30091 28722 28723 30092
27189 30090 28721 28722 30091
27188 30089 28720 28721 30090
27187 30088 28719 28720 30089
27186 30087 28718 28719 30088
27185 30086 28717 28718 30087
27184 30085 28716 28717 30086
27183 30084 28715 28716 30085
27182 30083 28714 28715 30084
27181 30082 28713 28714 30083
28512 31486 30117 30118 31487
28511 31485 30116 30117 31486
28510 31484 30115 30116 31485
28509 31483 30114 30115 31484
28508 31482 30113 30114 31483
28507 31481 30112 30113 31482
28506 31480 30111 30112 31481
28505 31479 30110 30111 31480
28504 31478 30109 30110 31479
28503 31477 30108 30109 31478
28502 31476 30107 30108 31477
28501 31475 30106 30107 31476
28500 31474 30105 30106 31475
28499 31473 30104 30105 31474
28498 31472 30103 30104 31473
28497 31471 30102 30103 31472
28496 31470 30101 30102 31471
28495 31469 30100 30101 31470
28494 31468 30099 30100 31469
28493 31467 30098 30099 31468
28492 31466 30097 30098 31467
28491 31465 30096 30097 31466
28490 31464 30095 30096 31465
28489 31463 30094 30095 31464
28488 31462 30093 30094 31463
28487 31461 30092 30093 31462
28486 31460 30091 30092 31461
28485 31459 30090 30091 31460
28484 31458 30089 30090 31459
28483 31457 30088 30089 31458
28482 31456 30087 30088 31457
28481 31455 30086 30087 31456
28480 31454 30085 30086 31455
28479 31453 30084 30085 31454
28478 31452 30083 30084 31453
28477 31451 30082 30083 31452
29808 32855 31486 31487 32856
29807 32854 31485 31486 32855
29806 32853 31484 31485 32854
29805 32852 31483 31484 32853
29804 32851 31482 31483 32852
29803 32850 31481 31482 32851
29802 32849 31480 31481 32850
29801 32848 31479 31480 32849
29800 32847 31478 31479 32848
29799 32846 31477 31478 32847
29798 32845 31476 31477 32846
29797 32844 31475 31476 32845
29796 32843 31474 31475 32844
29795 32842 31473 31474 32843
29794 32841 31472 31473 32842
29793 32840 31471 31472 32841
29792 32839 31470 31471 32840
29791 32838 31469 31470 32839
29790 32837 31468 31469 32838
29789 32836 31467 31468 32837
29788 32835 31466 31467 32836
29787 32834 31465 31466 32835
29786 32833 31464 31465 32834
29785 32832 31463 31464 32833
29784 32831 31462 31463 32832
29783 32830 31461 31462 32831
29782 32829 31460 31461 32830
29781 32828 31459 31460 32829
29780 32827 31458 31459 32828
29779 32826 31457 31458 32827
29778 32825 31456 31457 32826
29777 32824 31455 31456 32825
29776 32823 31454 31455 32824
29775 32822 31453 31454 32823
29774 32821 31452 31453 32822
29773 32820 31451 31452 32821
31104 34224 32855 32856 34225
31103 34223 32854 32855 34224
31102 34222 32853 32854 34223
31101 34221 32852 32853 34222
31100 34220 32851 32852 34221
31099 34219 32850 32851 34220
31098 34218 32849 32850 34219
31097 34217 32848 32849 34218
31096 34216 32847 32848 34217
31095 34215 32846 32847 34216
31094 34214 32845 32846 34215
31093 34213 32844 32845 34214
31092 34212 32843 32844 34213
31091 34211 32842 32843 34212
31090 34210 32841 32842 34211
31089 34209 32840 32841 34210
31088 34208 32839 32840 34209
31087 34207 32838 32839 34208
31086 34206 32837 32838 34207
31085 34205 32836 32837 34206
31084 34204 32835 32836 34205
31083 34203 32834 32835 34204
31082 34202 32833 32834 34203
31081 34201 32832 32833 34202
31080 34200 32831 32832 34201
31079 34199 32830 32831 34200
31078 34198 32829 32830 34199
31077 34197 32828 32829 34198
31076 34196 32827 32828 34197
31075 34195 32826 32827 34196
31074 34194 32825 32826 34195
31073 34193 32824 32825 34194
31072 34192 32823 32824 34193
31071 34191 32822 32823 34192
31070 34190 32821 32822 34191
31069 34189 32820 32821 34190
32400 35593 34224 34225 35594
32399 35592 34223 34224 35593
32398 35591 34222 34223 35592
32397 35590 34221 34222 35591
32396 35589 34220 34221 35590
32395 35588 34219 34220 35589
32394 35587 34218 34219 35588
32393 35586 34217 34218 35587
32392 35585 34216 34217 35586
32391 35584 34215 34216 35585
32390 35583 34214 34215 35584
32389 35582 34213 34214 35583
32388 35581 34212 34213 35582
32387 35580 34211 34212 35581
32386 35579 34210 34211 35580
32385 35578 34209 34210 35579
32384 35577 34208 34209 35578
32383 35576 34207 34208 35577
32382 35575 34206 34207 35576
32381 35574 34205 34206 35575
32380 35573 34204 34205 35574
32379 35572 34203 34204 35573
32378 35571 34202 34203 35572
32377 35570 34201 34202 35571
32376 35569 34200 34201 35570
32375 35568 34199 34200 35569
32374 35567 34198 34199 35568
32373 35566 34197 34198 35567
32372 35565 34196 34197 35566
32371 35564 34195 34196 35565
32370 35563 34194 34195 35564
32369 35562 34193 34194 35563
32368 35561 34192 34193 35562
32367 35560 34191 34192 35561
32366 35559 34190 34191 35560
32365 35558 34189 34190 35559
33696 36962 35593 35594 36963
33695 36961 35592 35593 36962
33694 36960 35591 35592 36961
33693 36959 35590 35591 36960
33692 36958 35589 35590 36959
33691 36957 35588 35589 36958
33690 36956 35587 35588 36957
33689 36955 35586 35587 36956
33688 36954 35585 35586 36955
33687 36953 35584 35585 36954
33686 36952 35583 35584 36953
33685 36951 35582 35583 36952
33684 36950 35581 35582 36951
33683 36949 35580 35581 36950
33682 36948 35579 35580 36949
33681 36947 35578 35579 36948
33680 36946 35577 35578 36947
33679 36945 35576 35577 36946
33678 36944 35575 35576 36945
33677 36943 35574 35575 36944
33676 36942 35573 35574 36943
33675 36941 35572 35573 36942
33674 36940 35571 35572 36941
33673 36939 35570 35571 36940
33672 36938 35569 35570 36939
33671 36937 35568 35569 36938
33670 36936 35567 35568 36937
33669 36935 35566 35567 36936
33668 36934 35565 35566 36935
33667 36933 35564 35565 36934
33666 36932 35563 35564 36933
33665 36931 35562 35563 36932
33664 36930 35561 35562 36931
33663 36929 35560 35561 36930
33662 36928 35559 35560 36929
33661 36927 35558 35559 36928
34992 38331 36962 36963 38332
34991 38330 36961 36962 38331
34990 38329 36960 36961 38330
34989 38328 36959 36960 38329
34988 38327 36958 36959 38328
34987 38326 36957 36958 38327
34986 38325 36956 36957 38326
34985 38324 36955 36956 38325
34984 38323 36954 36955 38324
34983 38322 36953 36954 38323
34982 38321 36952 36953 38322
34981 38320 36951 36952 38321
34980 38319 36950 36951 38320
34979 38318 36949 36950 38319
34978 38317 36948 36949 38318
34977 38316 36947 36948 38317
34976 38315 36946 36947 38316
34975 38314 36945 36946 38315
34974 38313 36944 36945 38314
34973 38312 36943 36944 38313
34972 38311 36942 36943 38312
34971 38310 36941 36942 38311
34970 38309 36940 36941 38310
34969 38308 36939 36940 38309
34968 38307 36938 36939 38308
34967 38306 36937 36938 38307
34966 38305 36936 36937 38306
34965 38304 36935 36936 38305
34964 38303 36934 36935 38304
34963 38302 36933 36934 38303
34962 38301 36932 36933 38302
34961 38300 36931 36932 38301
34960 38299 36930 36931 38300
34959 38298 36929 36930 38299
34958 38297 36928 36929 38298
34957 38296 36927 36928 38297
36288 39700 38331 38332 39701
36287 39699 38330 38331 39700
36286 39698 38329 38330 39699
36285 39697 38328 38329 39698
36284 39696 38327 38328 39697
36283 39695 38326 38327 39696
36282 39694 38325 38326 39695
36281 39693 38324 38325 39694
36280 39692 38323 38324 39693
36279 39691 38322 38323 39692
36278 39690 38321 38322 39691
36277 39689 38320 38321 39690
36276 39688 38319 38320 39689
36275 39687 38318 38319 39688
36274 39686 38317 38318 39687
36273 39685 38316 38317 39686
36272 39684 38315 38316 39685
36271 39683 38314 38315 39684
36270 39682 38313 38314 39683
36269 39681 38312 38313 39682
36268 39680 38311 38312 39681
36267 39679 38310 38311 39680
36266 39678 38309 38310 39679
36265 39677 38308 38309 39678
36264 39676 38307 38308 39677
36263 39675 38306 38307 39676
36262 39674 38305 38306 39675
36261 39673 38304 38305 39674
36260 39672 38303 38304 39673
36259 39671 38302 38303 39672
36258 39670 38301 38302 39671
36257 39669 38300 38301 39670
36256 39668 38299 38300 39669
36255 39667 38298 38299 39668
36254 39666 38297 38298 39667
36253 39665 38296 38297 39666
37584 41069 39700 39701 41070
37583 41068 39699 39700 41069
37582 41067 39698 39699 41068
37581 41066 39697 39698 41067
37580 41065 39696 39697 41066
37579 41064 39695 39696 41065
37578 41063 39694 39695 41064
37577 41062 39693 39694 41063
37576 41061 39692 39693 41062
37575 41060 39691 39692 41061
37574 41059 39690 39691 41060
37573 41058 39689 39690 41059
37572 41057 39688 39689 41058
37571 41056 39687 39688 41057
37570 41055 39686 39687 41056
37569 41054 39685 39686 41055
37568 41053 39684 39685 41054
37567 41052 39683 39684 41053
37566 41051 39682 39683 41052
37565 41050 39681 39682 41051
37564 41049 39680 39681 41050
37563 41048 39679 39680 41049
37562 41047 39678 39679 41048
37561 41046 39677 39678 41047
37560 41045 39676 39677 41046
37559 41044 39675 39676 41045
37558 41043 39674 39675 41044
37557 41042 39673 39674 41043
37556 41041 39672 39673 41042
37555 41040 39671 39672 41041
37554 41039 39670 39671 41040
37553 41038 39669 39670 41039
37552 41037 39668 39669 41038
37551 41036 39667 39668 41037
37550 41035 39666 39667 41036
37549 41034 39665 39666 41035
38880 42438 41069 41070 42439
38879 42437 41068 41069 42438
38878 42436 41067 41068 42437
38877 42435 41066 41067 42436
38876 42434 41065 41066 42435
38875 42433 41064 41065 42434
38874 42432 41063 41064 42433
38873 42431 41062 41063 42432
38872 42430 41061 41062 42431
38871 42429 41060 41061 42430
38870 42428 41059 41060 42429
38869 42427 41058 41059 42428
38868 42426 41057 41058 42427
38867 42425 41056 41057 42426
38866 42424 41055 41056 42425
38865 42423 41054 41055 42424
38864 42422 41053 41054 42423
38863 42421 41052 41053 42422
38862 42420 41051 41052 42421
38861 42419 41050 41051 42420
38860 42418 41049 41050 42419
38859 42417 41048 41049 42418
38858 42416 41047 41048 42417
38857 42415 41046 41047 42416
38856 42414 41045 41046 42415
38855 42413 41044 41045 42414
38854 42412 41043 41044 42413
38853 42411 41042 41043 42412
38852 42410 41041 41042 42411
38851 42409 41040 41041 42410
38850 42408 41039 41040 42409
38849 42407 41038 41039 42408
38848 42406 41037 41038 42407
38847 42405 41036 41037 42406
38846 42404 41035 41036 42405
38845 42403 41034 41035 42404
40176 43807 42438 42439 43808
40175 43806 42437 42438 43807
40174 43805 42436 42437 43806
40173 43804 42435 42436 43805
40172 43803 42434 42435 43804
40171 43802 42433 42434 43803
40170 43801 42432 42433 43802
40169 43800 42431 42432 43801
40168 43799 42430 42431 43800
40167 43798 42429 42430 43799
40166 43797 42428 42429 43798
40165 43796 42427 42428 43797
40164 43795 42426 42427 43796
40163 43794 42425 42426 43795
40162 43793 42424 42425 43794
40161 43792 42423 42424 43793
40160 43791 42422 42423 43792
40159 43790 42421 42422 43791
40158 43789 42420 42421 43790
40157 43788 42419 42420 43789
40156 43787 42418 42419 43788
40155 43786 42417 42418 43787
40154 43785 42416 42417 43786
40153 43784 42415 42416 43785
40152 43783 42414 42415 43784
40151 43782 42413 42414 43783
40150 43781 42412 42413 43782
40149 43780 42411 42412 43781
40148 43779 42410 42411 43780
40147 43778 42409 42410 43779
40146 43777 42408 42409 43778
40145 43776 42407 42408 43777
40144 43775 42406 42407 43776
40143 43774 42405 42406 43775
40142 43773 42404 42405 43774
40141 43772 42403 42404 43773
41472 45176 43807 43808 45177
41471 45175 43806 43807 45176
41470 45174 43805 43806 45175
41469 45173 43804 43805 45174
41468 45172 43803 43804 45173
41467 45171 43802 43803 45172
41466 45170 43801 43802 45171
41465 45169 43800 43801 45170
41464 45168 43799 43800 45169
41463 45167 43798 43799 45168
41462 45166 43797 43798 45167
41461 45165 43796 43797 45166
41460 45164 43795 43796 45165
41459 45163 43794 43795 45164
41458 45162 43793 43794 45163
41457 45161 43792 43793 45162
41456 45160 43791 43792 45161
41455 45159 43790 43791 45160
41454 45158 43789 43790 45159
41453 45157 43788 43789 45158
41452 45156 43787 43788 45157
41451 45155 43786 43787 45156
41450 45154 43785 43786 45155
41449 45153 43784 43785 45154
41448 45152 43783 43784 45153
41447 45151 43782 43783 45152
41446 45150 43781 43782 45151
41445 45149 43780 43781 45150
41444 45148 43779 43780 45149
41443 45147 43778 43779 45148
41442 45146 43777 43778 45147
41441 45145 43776 43777 45146
41440 45144 43775 43776 45145
41439 45143 43774 43775 45144
41438 45142 43773 43774 45143
41437 45141 43772 43773 45142
42768 46545 45176 45177 46546
42767 46544 45175 45176 46545
42766 46543 45174 45175 46544
42765 46542 45173 45174 46543
42764 46541 45172 45173 46542
42763 46540 45171 45172 46541
42762 46539 45170 45171 46540
42761 46538 45169 45170 46539
42760 46537 45168 45169 46538
42759 46536 45167 45168 46537
42758 46535 45166 45167 46536
42757 46534 45165 45166 46535
42756 46533 45164 45165 46534
42755 46532 45163 45164 46533
42754 46531 45162 45163 46532
42753 46530 45161 45162 46531
42752 46529 45160 45161 46530
42751 46528 45159 45160 46529
42750 46527 45158 45159 46528
42749 46526 45157 45158 46527
42748 46525 45156 45157 46526
42747 46524 45155 45156 46525
42746 46523 45154 45155 46524
42745 46522 45153 45154 46523
42744 46521 45152 45153 46522
42743 46520 45151 45152 46521
42742 46519 45150 45151 46520
42741 46518 45149 45150 46519
42740 46517 45148 45149 46518
42739 46516 45147 45148 46517
42738 46515 45146 45147 46516
42737 46514 45145 45146 46515
42736 46513 45144 45145 46514
42735 46512 45143 45144 46513
42734 46511 45142 45143 46512
42733 46510 45141 45142 46511
44064 47914 46545 46546 47915
44063 47913 46544 46545 47914
44062 47912 46543 46544 47913
44061 47911 46542 46543 47912
44060 47910 46541 46542 47911
44059 47909 46540 46541 47910
44058 47908 46539 46540 47909
44057 47907 46538 46539 47908
44056 47906 46537 46538 47907
44055 47905 46536 46537 47906
44054 47904 46535 46536 47905
44053 47903 46534 46535 47904
44052 47902 46533 46534 47903
44051 47901 46532 46533 47902
44050 47900 46531 46532 47901
44049 47899 46530 46531 47900
44048 47898 46529 46530 47899
44047 47897 46528 46529 47898
44046 47896 46527 46528 47897
44045 47895 46526 46527 47896
44044 47894 46525 46526 47895
44043 47893 46524 46525 47894
44042 47892 46523 46524 47893
44041 47891 46522 46523 47892
44040 47890 46521 46522 47891
44039 47889 46520 46521 47890
44038 47888 46519 46520 47889
44037 47887 46518 46519 47888
44036 47886 46517 46518 47887
44035 47885 46516 46517 47886
44034 47884 46515 46516 47885
44033 47883 46514 46515 47884
44032 47882 46513 46514 47883
44031 47881 46512 46513 47882
44030 47880 46511 46512 47881
44029 47879 46510 46511 47880
45360 49283 47914 47915 49284
45359 49282 47913 47914 49283
45358 49281 47912 47913 49282
45357 49280 47911 47912 49281
45356 49279 47910 47911 49280
45355 49278 47909 47910 49279
45354 49277 47908 47909 49278
45353 49276 47907 47908 49277
45352 49275 47906 47907 49276
45351 49274 47905 47906 49275
45350 49273 47904 47905 49274
45349 49272 47903 47904 49273
45348 49271 47902 47903 49272
45347 49270 47901 47902 49271
45346 49269 47900 47901 49270
45345 49268 47899 47900 49269
45344 49267 47898 47899 49268
45343 49266 47897 47898 49267
45342 49265 47896 47897 49266
45341 49264 47895 47896 49265
45340 49263 47894 47895 49264
45339 49262 47893 47894 49263
45338 49261 47892 47893 49262
45337 49260 47891 47892 49261
45336 49259 47890 47891 49260
45335 49258 47889 47890 49259
45334 49257 47888 47889 49258
45333 49256 47887 47888 49257
45332 49255 47886 47887 49256
45331 49254 47885 47886 49255
45330 49253 47884 47885 49254
45329 49252 47883 47884 49253
45328 49251 47882 47883 49252
45327 49250 47881 47882 49251
45326 49249 47880 47881 49250
45325 49248 47879 47880 49249
46656 50652 49283 49284 50653
46655 50651 49282 49283 50652
46654 50650 49281 49282 50651
46653 50649 49280 49281 50650
46652 50648 49279 49280 50649
46651 50647 49278 49279 50648
46650 50646 49277 49278 50647
46649 50645 49276 49277 50646
46648 50644 49275 49276 50645
46647 50643 49274 49275 50644
46646 50642 49273 49274 50643
46645 50641 49272 49273 50642
46644 50640 49271 49272 50641
46643 50639 49270 49271 50640
46642 50638 49269 49270 50639
46641 50637 49268 49269 50638
46640 50636 49267 49268 50637
46639 50635 49266 49267 50636
46638 50634 49265 49266 50635
46637 50633 49264 49265 50634
46636 50632 49263 49264 50633
46635 50631 49262 49263 50632
46634 50630 49261 49262 50631
46633 50629 49260 49261 50630
46632 50628 49259 49260 50629
46631 50627 49258 49259 50628
46630 50626 49257 49258 50627
46629 50625 49256 49257 50626
46628 50624 49255 49256 50625
46627 50623 49254 49255 50624
46626 50622 49253 49254 50623
46625 50621 49252 49253 50622
46624 50620 49251 49252 50621
46623 50619 49250 49251 50620
46622 50618 49249 49250 50619
46621 50617 49248 49249 50618
