1296
1296 2662 2664 2738 2736
1260 2588 2590 2664 2662
1224 2514 2516 2590 2588
1188 2440 2442 2516 2514
1152 2366 2368 2442 2440
1116 2292 2294 2368 2366
1080 2218 2220 2294 2292
1044 2144 2146 2220 2218
1008 2070 2072 2146 2144
972 1996 1998 2072 2070
936 1922 1924 1998 1996
900 1848 1850 1924 1922
864 1774 1776 1850 1848
828 1700 1702 1776 1774
792 1626 1628 1702 1700
756 1552 1554 1628 1626
720 1478 1480 1554 1552
684 1404 1406 1480 1478
648 1330 1332 1406 1404
612 1256 1258 1332 1330
576 1182 1184 1258 1256
540 1108 1110 1184 1182
504 1034 1036 1110 1108
468 960 962 1036 1034
432 886 888 962 960
396 812 814 888 886
360 738 740 814 812
324 664 666 740 738
288 590 592 666 664
252 516 518 592 590
216 442 444 518 516
180 368 370 444 442
144 294 296 370 368
108 220 222 296 294
72 144 148 222 220
36 141 145 148 144
1295 2660 2662 2736 2734
1259 2586 2588 2662 2660
1223 2512 2514 2588 2586
1187 2438 2440 2514 2512
1151 2364 2366 2440 2438
1115 2290 2292 2366 2364
1079 2216 2218 2292 2290
1043 2142 2144 2218 2216
1007 2068 2070 2144 2142
971 1994 1996 2070 2068
935 1920 1922 1996 1994
899 1846 1848 1922 1920
863 1772 1774 1848 1846
827 1698 1700 1774 1772
791 1624 1626 1700 1698
755 1550 1552 1626 1624
719 1476 1478 1552 1550
683 1402 1404 1478 1476
647 1328 1330 1404 1402
611 1254 1256 1330 1328
575 1180 1182 1256 1254
539 1106 1108 1182 1180
503 1032 1034 1108 1106
467 958 960 1034 1032
431 884 886 960 958
395 810 812 886 884
359 736 738 812 810
323 662 664 738 736
287 588 590 664 662
251 514 516 590 588
215 440 442 516 514
179 366 368 442 440
143 292 294 368 366
107 218 220 294 292
71 140 144 220 218
35 137 141 144 140
1294 2658 2660 2734 2732
1258 2584 2586 2660 2658
1222 2510 2512 2586 2584
1186 2436 2438 2512 2510
1150 2362 2364 2438 2436
1114 2288 2290 2364 2362
1078 2214 2216 2290 2288
1042 2140 2142 2216 2214
1006 2066 2068 2142 2140
970 1992 1994 2068 2066
934 1918 1920 1994 1992
898 1844 1846 1920 1918
862 1770 1772 1846 1844
826 1696 1698 1772 1770
790 1622 1624 1698 1696
754 1548 1550 1624 1622
718 1474 1476 1550 1548
682 1400 1402 1476 1474
646 1326 1328 1402 1400
610 1252 1254 1328 1326
574 1178 1180 1254 1252
538 1104 1106 1180 1178
502 1030 1032 1106 1104
466 956 958 1032 1030
430 882 884 958 956
394 808 810 884 882
358 734 736 810 808
322 660 662 736 734
286 586 588 662 660
250 512 514 588 586
214 438 440 514 512
178 364 366 440 438
142 290 292 366 364
106 216 218 292 290
70 136 140 218 216
34 133 137 140 136
1293 2656 2658 2732 2730
1257 2582 2584 2658 2656
1221 2508 2510 2584 2582
1185 2434 2436 2510 2508
1149 2360 2362 2436 2434
1113 2286 2288 2362 2360
1077 2212 2214 2288 2286
1041 2138 2140 2214 2212
1005 2064 2066 2140 2138
969 1990 1992 2066 2064
933 1916 1918 1992 1990
897 1842 1844 1918 1916
861 1768 1770 1844 1842
825 1694 1696 1770 1768
789 1620 1622 1696 1694
753 1546 1548 1622 1620
717 1472 1474 1548 1546
681 1398 1400 1474 1472
645 1324 1326 1400 1398
609 1250 1252 1326 1324
573 1176 1178 1252 1250
537 1102 1104 1178 1176
501 1028 1030 1104 1102
465 954 956 1030 1028
429 880 882 956 954
393 806 808 882 880
357 732 734 808 806
321 658 660 734 732
285 584 586 660 658
249 510 512 586 584
213 436 438 512 510
177 362 364 438 436
141 288 290 364 362
105 214 216 290 288
69 132 136 216 214
33 129 133 136 132
1292 2654 2656 2730 2728
1256 2580 2582 2656 2654
1220 2506 2508 2582 2580
1184 2432 2434 2508 2506
1148 2358 2360 2434 2432
1112 2284 2286 2360 2358
1076 2210 2212 2286 2284
1040 2136 2138 2212 2210
1004 2062 2064 2138 2136
968 1988 1990 2064 2062
932 1914 1916 1990 1988
896 1840 1842 1916 1914
860 1766 1768 1842 1840
824 1692 1694 1768 1766
788 1618 1620 1694 1692
752 1544 1546 1620 1618
716 1470 1472 1546 1544
680 1396 1398 1472 1470
644 1322 1324 1398 1396
608 1248 1250 1324 1322
572 1174 1176 1250 1248
536 1100 1102 1176 1174
500 1026 1028 1102 1100
464 952 954 1028 1026
428 878 880 954 952
392 804 806 880 878
356 730 732 806 804
320 656 658 732 730
284 582 584 658 656
248 508 510 584 582
212 434 436 510 508
176 360 362 436 434
140 286 288 362 360
104 212 214 288 286
68 128 132 214 212
32 125 129 132 128
1291 2652 2654 2728 2726
1255 2578 2580 2654 2652
1219 2504 2506 2580 2578
1183 2430 2432 2506 2504
1147 2356 2358 2432 2430
1111 2282 2284 2358 2356
1075 2208 2210 2284 2282
1039 2134 2136 2210 2208
1003 2060 2062 2136 2134
967 1986 1988 2062 2060
931 1912 1914 1988 1986
895 1838 1840 1914 1912
859 1764 1766 1840 1838
823 1690 1692 1766 1764
787 1616 1618 1692 1690
751 1542 1544 1618 1616
715 1468 1470 1544 1542
679 1394 1396 1470 1468
643 1320 1322 1396 1394
607 1246 1248 1322 1320
571 1172 1174 1248 1246
535 1098 1100 1174 1172
499 1024 1026 1100 1098
463 950 952 1026 1024
427 876 878 952 950
391 802 804 878 876
355 728 730 804 802
319 654 656 730 728
283 580 582 656 654
247 506 508 582 580
211 432 434 508 506
175 358 360 434 432
139 284 286 360 358
103 210 212 286 284
67 124 128 212 210
31 121 125 128 124
1290 2650 2652 2726 2724
1254 2576 2578 2652 2650
1218 2502 2504 2578 2576
1182 2428 2430 2504 2502
1146 2354 2356 2430 2428
1110 2280 2282 2356 2354
1074 2206 2208 2282 2280
1038 2132 2134 2208 2206
1002 2058 2060 2134 2132
966 1984 1986 2060 2058
930 1910 1912 1986 1984
894 1836 1838 1912 1910
858 1762 1764 1838 1836
822 1688 1690 1764 1762
786 1614 1616 1690 1688
750 1540 1542 1616 1614
714 1466 1468 1542 1540
678 1392 1394 1468 1466
642 1318 1320 1394 1392
606 1244 1246 1320 1318
570 1170 1172 1246 1244
534 1096 1098 1172 1170
498 1022 1024 1098 1096
462 948 950 1024 1022
426 874 876 950 948
390 800 802 876 874
354 726 728 802 800
318 652 654 728 726
282 578 580 654 652
246 504 506 580 578
210 430 432 506 504
174 356 358 432 430
138 282 284 358 356
102 208 210 284 282
66 120 124 210 208
30 117 121 124 120
1289 2648 2650 2724 2722
1253 2574 2576 2650 2648
1217 2500 2502 2576 2574
1181 2426 2428 2502 2500
1145 2352 2354 2428 2426
1109 2278 2280 2354 2352
1073 2204 2206 2280 2278
1037 2130 2132 2206 2204
1001 2056 2058 2132 2130
965 1982 1984 2058 2056
929 1908 1910 1984 1982
893 1834 1836 1910 1908
857 1760 1762 1836 1834
821 1686 1688 1762 1760
785 1612 1614 1688 1686
749 1538 1540 1614 1612
713 1464 1466 1540 1538
677 1390 1392 1466 1464
641 1316 1318 1392 1390
605 1242 1244 1318 1316
569 1168 1170 1244 1242
533 1094 1096 1170 1168
497 1020 1022 1096 1094
461 946 948 1022 1020
425 872 874 948 946
389 798 800 874 872
353 724 726 800 798
317 650 652 726 724
281 576 578 652 650
245 502 504 578 576
209 428 430 504 502
173 354 356 430 428
137 280 282 356 354
101 206 208 282 280
65 116 120 208 206
29 113 117 120 116
1288 2646 2648 2722 2720
1252 2572 2574 2648 2646
1216 2498 2500 2574 2572
1180 2424 2426 2500 2498
1144 2350 2352 2426 2424
1108 2276 2278 2352 2350
1072 2202 2204 2278 2276
1036 2128 2130 2204 2202
1000 2054 2056 2130 2128
964 1980 1982 2056 2054
928 1906 1908 1982 1980
892 1832 1834 1908 1906
856 1758 1760 1834 1832
820 1684 1686 1760 1758
784 1610 1612 1686 1684
748 1536 1538 1612 1610
712 1462 1464 1538 1536
676 1388 1390 1464 1462
640 1314 1316 1390 1388
604 1240 1242 1316 1314
568 1166 1168 1242 1240
532 1092 1094 1168 1166
496 1018 1020 1094 1092
460 944 946 1020 1018
424 870 872 946 944
388 796 798 872 870
352 722 724 798 796
316 648 650 724 722
280 574 576 650 648
244 500 502 576 574
208 426 428 502 500
172 352 354 428 426
136 278 280 354 352
100 204 206 280 278
64 112 116 206 204
28 109 113 116 112
1287 2644 2646 2720 2718
1251 2570 2572 2646 2644
1215 2496 2498 2572 2570
1179 2422 2424 2498 2496
1143 2348 2350 2424 2422
1107 2274 2276 2350 2348
1071 2200 2202 2276 2274
1035 2126 2128 2202 2200
999 2052 2054 2128 2126
963 1978 1980 2054 2052
927 1904 1906 1980 1978
891 1830 1832 1906 1904
855 1756 1758 1832 1830
819 1682 1684 1758 1756
783 1608 1610 1684 1682
747 1534 1536 1610 1608
711 1460 1462 1536 1534
675 1386 1388 1462 1460
639 1312 1314 1388 1386
603 1238 1240 1314 1312
567 1164 1166 1240 1238
531 1090 1092 1166 1164
495 1016 1018 1092 1090
459 942 944 1018 1016
423 868 870 944 942
387 794 796 870 868
351 720 722 796 794
315 646 648 722 720
279 572 574 648 646
243 498 500 574 572
207 424 426 500 498
171 350 352 426 424
135 276 278 352 350
99 202 204 278 276
63 108 112 204 202
27 105 109 112 108
1286 2642 2644 2718 2716
1250 2568 2570 2644 2642
1214 2494 2496 2570 2568
1178 2420 2422 2496 2494
1142 2346 2348 2422 2420
1106 2272 2274 2348 2346
1070 2198 2200 2274 2272
1034 2124 2126 2200 2198
998 2050 2052 2126 2124
962 1976 1978 2052 2050
926 1902 1904 1978 1976
890 1828 1830 1904 1902
854 1754 1756 1830 1828
818 1680 1682 1756 1754
782 1606 1608 1682 1680
746 1532 1534 1608 1606
710 1458 1460 1534 1532
674 1384 1386 1460 1458
638 1310 1312 1386 1384
602 1236 1238 1312 1310
566 1162 1164 1238 1236
530 1088 1090 1164 1162
494 1014 1016 1090 1088
458 940 942 1016 1014
422 866 868 942 940
386 792 794 868 866
350 718 720 794 792
314 644 646 720 718
278 570 572 646 644
242 496 498 572 570
206 422 424 498 496
170 348 350 424 422
134 274 276 350 348
98 200 202 276 274
62 104 108 202 200
26 101 105 108 104
1285 2640 2642 2716 2714
1249 2566 2568 2642 2640
1213 2492 2494 2568 2566
1177 2418 2420 2494 2492
1141 2344 2346 2420 2418
1105 2270 2272 2346 2344
1069 2196 2198 2272 2270
1033 2122 2124 2198 2196
997 2048 2050 2124 2122
961 1974 1976 2050 2048
925 1900 1902 1976 1974
889 1826 1828 1902 1900
853 1752 1754 1828 1826
817 1678 1680 1754 1752
781 1604 1606 1680 1678
745 1530 1532 1606 1604
709 1456 1458 1532 1530
673 1382 1384 1458 1456
637 1308 1310 1384 1382
601 1234 1236 1310 1308
565 1160 1162 1236 1234
529 1086 1088 1162 1160
493 1012 1014 1088 1086
457 938 940 1014 1012
421 864 866 940 938
385 790 792 866 864
349 716 718 792 790
313 642 644 718 716
277 568 570 644 642
241 494 496 570 568
205 420 422 496 494
169 346 348 422 420
133 272 274 348 346
97 198 200 274 272
61 100 104 200 198
25 97 101 104 100
1284 2638 2640 2714 2712
1248 2564 2566 2640 2638
1212 2490 2492 2566 2564
1176 2416 2418 2492 2490
1140 2342 2344 2418 2416
1104 2268 2270 2344 2342
1068 2194 2196 2270 2268
1032 2120 2122 2196 2194
996 2046 2048 2122 2120
960 1972 1974 2048 2046
924 1898 1900 1974 1972
888 1824 1826 1900 1898
852 1750 1752 1826 1824
816 1676 1678 1752 1750
780 1602 1604 1678 1676
744 1528 1530 1604 1602
708 1454 1456 1530 1528
672 1380 1382 1456 1454
636 1306 1308 1382 1380
600 1232 1234 1308 1306
564 1158 1160 1234 1232
528 1084 1086 1160 1158
492 1010 1012 1086 1084
456 936 938 1012 1010
420 862 864 938 936
384 788 790 864 862
348 714 716 790 788
312 640 642 716 714
276 566 568 642 640
240 492 494 568 566
204 418 420 494 492
168 344 346 420 418
132 270 272 346 344
96 196 198 272 270
60 96 100 198 196
24 93 97 100 96
1283 2636 2638 2712 2710
1247 2562 2564 2638 2636
1211 2488 2490 2564 2562
1175 2414 2416 2490 2488
1139 2340 2342 2416 2414
1103 2266 2268 2342 2340
1067 2192 2194 2268 2266
1031 2118 2120 2194 2192
995 2044 2046 2120 2118
959 1970 1972 2046 2044
923 1896 1898 1972 1970
887 1822 1824 1898 1896
851 1748 1750 1824 1822
815 1674 1676 1750 1748
779 1600 1602 1676 1674
743 1526 1528 1602 1600
707 1452 1454 1528 1526
671 1378 1380 1454 1452
635 1304 1306 1380 1378
599 1230 1232 1306 1304
563 1156 1158 1232 1230
527 1082 1084 1158 1156
491 1008 1010 1084 1082
455 934 936 1010 1008
419 860 862 936 934
383 786 788 862 860
347 712 714 788 786
311 638 640 714 712
275 564 566 640 638
239 490 492 566 564
203 416 418 492 490
167 342 344 418 416
131 268 270 344 342
95 194 196 270 268
59 92 96 196 194
23 89 93 96 92
1282 2634 2636 2710 2708
1246 2560 2562 2636 2634
1210 2486 2488 2562 2560
1174 2412 2414 2488 2486
1138 2338 2340 2414 2412
1102 2264 2266 2340 2338
1066 2190 2192 2266 2264
1030 2116 2118 2192 2190
994 2042 2044 2118 2116
958 1968 1970 2044 2042
922 1894 1896 1970 1968
886 1820 1822 1896 1894
850 1746 1748 1822 1820
814 1672 1674 1748 1746
778 1598 1600 1674 1672
742 1524 1526 1600 1598
706 1450 1452 1526 1524
670 1376 1378 1452 1450
634 1302 1304 1378 1376
598 1228 1230 1304 1302
562 1154 1156 1230 1228
526 1080 1082 1156 1154
490 1006 1008 1082 1080
454 932 934 1008 1006
418 858 860 934 932
382 784 786 860 858
346 710 712 786 784
310 636 638 712 710
274 562 564 638 636
238 488 490 564 562
202 414 416 490 488
166 340 342 416 414
130 266 268 342 340
94 192 194 268 266
58 88 92 194 192
22 85 89 92 88
1281 2632 2634 2708 2706
1245 2558 2560 2634 2632
1209 2484 2486 2560 2558
1173 2410 2412 2486 2484
1137 2336 2338 2412 2410
1101 2262 2264 2338 2336
1065 2188 2190 2264 2262
1029 2114 2116 2190 2188
993 2040 2042 2116 2114
957 1966 1968 2042 2040
921 1892 1894 1968 1966
885 1818 1820 1894 1892
849 1744 1746 1820 1818
813 1670 1672 1746 1744
777 1596 1598 1672 1670
741 1522 1524 1598 1596
705 1448 1450 1524 1522
669 1374 1376 1450 1448
633 1300 1302 1376 1374
597 1226 1228 1302 1300
561 1152 1154 1228 1226
525 1078 1080 1154 1152
489 1004 1006 1080 1078
453 930 932 1006 1004
417 856 858 932 930
381 782 784 858 856
345 708 710 784 782
309 634 636 710 708
273 560 562 636 634
237 486 488 562 560
201 412 414 488 486
165 338 340 414 412
129 264 266 340 338
93 190 192 266 264
57 84 88 192 190
21 81 85 88 84
1280 2630 2632 2706 2704
1244 2556 2558 2632 2630
1208 2482 2484 2558 2556
1172 2408 2410 2484 2482
1136 2334 2336 2410 2408
1100 2260 2262 2336 2334
1064 2186 2188 2262 2260
1028 2112 2114 2188 2186
992 2038 2040 2114 2112
956 1964 1966 2040 2038
920 1890 1892 1966 1964
884 1816 1818 1892 1890
848 1742 1744 1818 1816
812 1668 1670 1744 1742
776 1594 1596 1670 1668
740 1520 1522 1596 1594
704 1446 1448 1522 1520
668 1372 1374 1448 1446
632 1298 1300 1374 1372
596 1224 1226 1300 1298
560 1150 1152 1226 1224
524 1076 1078 1152 1150
488 1002 1004 1078 1076
452 928 930 1004 1002
416 854 856 930 928
380 780 782 856 854
344 706 708 782 780
308 632 634 708 706
272 558 560 634 632
236 484 486 560 558
200 410 412 486 484
164 336 338 412 410
128 262 264 338 336
92 188 190 264 262
56 80 84 190 188
20 77 81 84 80
1279 2628 2630 2704 2702
1243 2554 2556 2630 2628
1207 2480 2482 2556 2554
1171 2406 2408 2482 2480
1135 2332 2334 2408 2406
1099 2258 2260 2334 2332
1063 2184 2186 2260 2258
1027 2110 2112 2186 2184
991 2036 2038 2112 2110
955 1962 1964 2038 2036
919 1888 1890 1964 1962
883 1814 1816 1890 1888
847 1740 1742 1816 1814
811 1666 1668 1742 1740
775 1592 1594 1668 1666
739 1518 1520 1594 1592
703 1444 1446 1520 1518
667 1370 1372 1446 1444
631 1296 1298 1372 1370
595 1222 1224 1298 1296
559 1148 1150 1224 1222
523 1074 1076 1150 1148
487 1000 1002 1076 1074
451 926 928 1002 1000
415 852 854 928 926
379 778 780 854 852
343 704 706 780 778
307 630 632 706 704
271 556 558 632 630
235 482 484 558 556
199 408 410 484 482
163 334 336 410 408
127 260 262 336 334
91 186 188 262 260
55 76 80 188 186
19 73 77 80 76
1278 2626 2628 2702 2700
1242 2552 2554 2628 2626
1206 2478 2480 2554 2552
1170 2404 2406 2480 2478
1134 2330 2332 2406 2404
1098 2256 2258 2332 2330
1062 2182 2184 2258 2256
1026 2108 2110 2184 2182
990 2034 2036 2110 2108
954 1960 1962 2036 2034
918 1886 1888 1962 1960
882 1812 1814 1888 1886
846 1738 1740 1814 1812
810 1664 1666 1740 1738
774 1590 1592 1666 1664
738 1516 1518 1592 1590
702 1442 1444 1518 1516
666 1368 1370 1444 1442
630 1294 1296 1370 1368
594 1220 1222 1296 1294
558 1146 1148 1222 1220
522 1072 1074 1148 1146
486 998 1000 1074 1072
450 924 926 1000 998
414 850 852 926 924
378 776 778 852 850
342 702 704 778 776
306 628 630 704 702
270 554 556 630 628
234 480 482 556 554
198 406 408 482 480
162 332 334 408 406
126 258 260 334 332
90 184 186 260 258
54 72 76 186 184
18 69 73 76 72
1277 2624 2626 2700 2698
1241 2550 2552 2626 2624
1205 2476 2478 2552 2550
1169 2402 2404 2478 2476
1133 2328 2330 2404 2402
1097 2254 2256 2330 2328
1061 2180 2182 2256 2254
1025 2106 2108 2182 2180
989 2032 2034 2108 2106
953 1958 1960 2034 2032
917 1884 1886 1960 1958
881 1810 1812 1886 1884
845 1736 1738 1812 1810
809 1662 1664 1738 1736
773 1588 1590 1664 1662
737 1514 1516 1590 1588
701 1440 1442 1516 1514
665 1366 1368 1442 1440
629 1292 1294 1368 1366
593 1218 1220 1294 1292
557 1144 1146 1220 1218
521 1070 1072 1146 1144
485 996 998 1072 1070
449 922 924 998 996
413 848 850 924 922
377 774 776 850 848
341 700 702 776 774
305 626 628 702 700
269 552 554 628 626
233 478 480 554 552
197 404 406 480 478
161 330 332 406 404
125 256 258 332 330
89 182 184 258 256
53 68 72 184 182
17 65 69 72 68
1276 2622 2624 2698 2696
1240 2548 2550 2624 2622
1204 2474 2476 2550 2548
1168 2400 2402 2476 2474
1132 2326 2328 2402 2400
1096 2252 2254 2328 2326
1060 2178 2180 2254 2252
1024 2104 2106 2180 2178
988 2030 2032 2106 2104
952 1956 1958 2032 2030
916 1882 1884 1958 1956
880 1808 1810 1884 1882
844 1734 1736 1810 1808
808 1660 1662 1736 1734
772 1586 1588 1662 1660
736 1512 1514 1588 1586
700 1438 1440 1514 1512
664 1364 1366 1440 1438
628 1290 1292 1366 1364
592 1216 1218 1292 1290
556 1142 1144 1218 1216
520 1068 1070 1144 1142
484 994 996 1070 1068
448 920 922 996 994
412 846 848 922 920
376 772 774 848 846
340 698 700 774 772
304 624 626 700 698
268 550 552 626 624
232 476 478 552 550
196 402 404 478 476
160 328 330 404 402
124 254 256 330 328
88 180 182 256 254
52 64 68 182 180
16 61 65 68 64
1275 2620 2622 2696 2694
1239 2546 2548 2622 2620
1203 2472 2474 2548 2546
1167 2398 2400 2474 2472
1131 2324 2326 2400 2398
1095 2250 2252 2326 2324
1059 2176 2178 2252 2250
1023 2102 2104 2178 2176
987 2028 2030 2104 2102
951 1954 1956 2030 2028
915 1880 1882 1956 1954
879 1806 1808 1882 1880
843 1732 1734 1808 1806
807 1658 1660 1734 1732
771 1584 1586 1660 1658
735 1510 1512 1586 1584
699 1436 1438 1512 1510
663 1362 1364 1438 1436
627 1288 1290 1364 1362
591 1214 1216 1290 1288
555 1140 1142 1216 1214
519 1066 1068 1142 1140
483 992 994 1068 1066
447 918 920 994 992
411 844 846 920 918
375 770 772 846 844
339 696 698 772 770
303 622 624 698 696
267 548 550 624 622
231 474 476 550 548
195 400 402 476 474
159 326 328 402 400
123 252 254 328 326
87 178 180 254 252
51 60 64 180 178
15 57 61 64 60
1274 2618 2620 2694 2692
1238 2544 2546 2620 2618
1202 2470 2472 2546 2544
1166 2396 2398 2472 2470
1130 2322 2324 2398 2396
1094 2248 2250 2324 2322
1058 2174 2176 2250 2248
1022 2100 2102 2176 2174
986 2026 2028 2102 2100
950 1952 1954 2028 2026
914 1878 1880 1954 1952
878 1804 1806 1880 1878
842 1730 1732 1806 1804
806 1656 1658 1732 1730
770 1582 1584 1658 1656
734 1508 1510 1584 1582
698 1434 1436 1510 1508
662 1360 1362 1436 1434
626 1286 1288 1362 1360
590 1212 1214 1288 1286
554 1138 1140 1214 1212
518 1064 1066 1140 1138
482 990 992 1066 1064
446 916 918 992 990
410 842 844 918 916
374 768 770 844 842
338 694 696 770 768
302 620 622 696 694
266 546 548 622 620
230 472 474 548 546
194 398 400 474 472
158 324 326 400 398
122 250 252 326 324
86 176 178 252 250
50 56 60 178 176
14 53 57 60 56
1273 2616 2618 2692 2690
1237 2542 2544 2618 2616
1201 2468 2470 2544 2542
1165 2394 2396 2470 2468
1129 2320 2322 2396 2394
1093 2246 2248 2322 2320
1057 2172 2174 2248 2246
1021 2098 2100 2174 2172
985 2024 2026 2100 2098
949 1950 1952 2026 2024
913 1876 1878 1952 1950
877 1802 1804 1878 1876
841 1728 1730 1804 1802
805 1654 1656 1730 1728
769 1580 1582 1656 1654
733 1506 1508 1582 1580
697 1432 1434 1508 1506
661 1358 1360 1434 1432
625 1284 1286 1360 1358
589 1210 1212 1286 1284
553 1136 1138 1212 1210
517 1062 1064 1138 1136
481 988 990 1064 1062
445 914 916 990 988
409 840 842 916 914
373 766 768 842 840
337 692 694 768 766
301 618 620 694 692
265 544 546 620 618
229 470 472 546 544
193 396 398 472 470
157 322 324 398 396
121 248 250 324 322
85 174 176 250 248
49 52 56 176 174
13 49 53 56 52
1272 2614 2616 2690 2688
1236 2540 2542 2616 2614
1200 2466 2468 2542 2540
1164 2392 2394 2468 2466
1128 2318 2320 2394 2392
1092 2244 2246 2320 2318
1056 2170 2172 2246 2244
1020 2096 2098 2172 2170
984 2022 2024 2098 2096
948 1948 1950 2024 2022
912 1874 1876 1950 1948
876 1800 1802 1876 1874
840 1726 1728 1802 1800
804 1652 1654 1728 1726
768 1578 1580 1654 1652
732 1504 1506 1580 1578
696 1430 1432 1506 1504
660 1356 1358 1432 1430
624 1282 1284 1358 1356
588 1208 1210 1284 1282
552 1134 1136 1210 1208
516 1060 1062 1136 1134
480 986 988 1062 1060
444 912 914 988 986
408 838 840 914 912
372 764 766 840 838
336 690 692 766 764
300 616 618 692 690
264 542 544 618 616
228 468 470 544 542
192 394 396 470 468
156 320 322 396 394
120 246 248 322 320
84 172 174 248 246
48 48 52 174 172
12 45 49 52 48
1271 2612 2614 2688 2686
1235 2538 2540 2614 2612
1199 2464 2466 2540 2538
1163 2390 2392 2466 2464
1127 2316 2318 2392 2390
1091 2242 2244 2318 2316
1055 2168 2170 2244 2242
1019 2094 2096 2170 2168
983 2020 2022 2096 2094
947 1946 1948 2022 2020
911 1872 1874 1948 1946
875 1798 1800 1874 1872
839 1724 1726 1800 1798
803 1650 1652 1726 1724
767 1576 1578 1652 1650
731 1502 1504 1578 1576
695 1428 1430 1504 1502
659 1354 1356 1430 1428
623 1280 1282 1356 1354
587 1206 1208 1282 1280
551 1132 1134 1208 1206
515 1058 1060 1134 1132
479 984 986 1060 1058
443 910 912 986 984
407 836 838 912 910
371 762 764 838 836
335 688 690 764 762
299 614 616 690 688
263 540 542 616 614
227 466 468 542 540
191 392 394 468 466
155 318 320 394 392
119 244 246 320 318
83 170 172 246 244
47 44 48 172 170
11 41 45 48 44
1270 2610 2612 2686 2684
1234 2536 2538 2612 2610
1198 2462 2464 2538 2536
1162 2388 2390 2464 2462
1126 2314 2316 2390 2388
1090 2240 2242 2316 2314
1054 2166 2168 2242 2240
1018 2092 2094 2168 2166
982 2018 2020 2094 2092
946 1944 1946 2020 2018
910 1870 1872 1946 1944
874 1796 1798 1872 1870
838 1722 1724 1798 1796
802 1648 1650 1724 1722
766 1574 1576 1650 1648
730 1500 1502 1576 1574
694 1426 1428 1502 1500
658 1352 1354 1428 1426
622 1278 1280 1354 1352
586 1204 1206 1280 1278
550 1130 1132 1206 1204
514 1056 1058 1132 1130
478 982 984 1058 1056
442 908 910 984 982
406 834 836 910 908
370 760 762 836 834
334 686 688 762 760
298 612 614 688 686
262 538 540 614 612
226 464 466 540 538
190 390 392 466 464
154 316 318 392 390
118 242 244 318 316
82 168 170 244 242
46 40 44 170 168
10 37 41 44 40
1269 2608 2610 2684 2682
1233 2534 2536 2610 2608
1197 2460 2462 2536 2534
1161 2386 2388 2462 2460
1125 2312 2314 2388 2386
1089 2238 2240 2314 2312
1053 2164 2166 2240 2238
1017 2090 2092 2166 2164
981 2016 2018 2092 2090
945 1942 1944 2018 2016
909 1868 1870 1944 1942
873 1794 1796 1870 1868
837 1720 1722 1796 1794
801 1646 1648 1722 1720
765 1572 1574 1648 1646
729 1498 1500 1574 1572
693 1424 1426 1500 1498
657 1350 1352 1426 1424
621 1276 1278 1352 1350
585 1202 1204 1278 1276
549 1128 1130 1204 1202
513 1054 1056 1130 1128
477 980 982 1056 1054
441 906 908 982 980
405 832 834 908 906
369 758 760 834 832
333 684 686 760 758
297 610 612 686 684
261 536 538 612 610
225 462 464 538 536
189 388 390 464 462
153 314 316 390 388
117 240 242 316 314
81 166 168 242 240
45 36 40 168 166
9 33 37 40 36
1268 2606 2608 2682 2680
1232 2532 2534 2608 2606
1196 2458 2460 2534 2532
1160 2384 2386 2460 2458
1124 2310 2312 2386 2384
1088 2236 2238 2312 2310
1052 2162 2164 2238 2236
1016 2088 2090 2164 2162
980 2014 2016 2090 2088
944 1940 1942 2016 2014
908 1866 1868 1942 1940
872 1792 1794 1868 1866
836 1718 1720 1794 1792
800 1644 1646 1720 1718
764 1570 1572 1646 1644
728 1496 1498 1572 1570
692 1422 1424 1498 1496
656 1348 1350 1424 1422
620 1274 1276 1350 1348
584 1200 1202 1276 1274
548 1126 1128 1202 1200
512 1052 1054 1128 1126
476 978 980 1054 1052
440 904 906 980 978
404 830 832 906 904
368 756 758 832 830
332 682 684 758 756
296 608 610 684 682
260 534 536 610 608
224 460 462 536 534
188 386 388 462 460
152 312 314 388 386
116 238 240 314 312
80 164 166 240 238
44 32 36 166 164
8 29 33 36 32
1267 2604 2606 2680 2678
1231 2530 2532 2606 2604
1195 2456 2458 2532 2530
1159 2382 2384 2458 2456
1123 2308 2310 2384 2382
1087 2234 2236 2310 2308
1051 2160 2162 2236 2234
1015 2086 2088 2162 2160
979 2012 2014 2088 2086
943 1938 1940 2014 2012
907 1864 1866 1940 1938
871 1790 1792 1866 1864
835 1716 1718 1792 1790
799 1642 1644 1718 1716
763 1568 1570 1644 1642
727 1494 1496 1570 1568
691 1420 1422 1496 1494
655 1346 1348 1422 1420
619 1272 1274 1348 1346
583 1198 1200 1274 1272
547 1124 1126 1200 1198
511 1050 1052 1126 1124
475 976 978 1052 1050
439 902 904 978 976
403 828 830 904 902
367 754 756 830 828
331 680 682 756 754
295 606 608 682 680
259 532 534 608 606
223 458 460 534 532
187 384 386 460 458
151 310 312 386 384
115 236 238 312 310
79 162 164 238 236
43 28 32 164 162
7 25 29 32 28
1266 2602 2604 2678 2676
1230 2528 2530 2604 2602
1194 2454 2456 2530 2528
1158 2380 2382 2456 2454
1122 2306 2308 2382 2380
1086 2232 2234 2308 2306
1050 2158 2160 2234 2232
1014 2084 2086 2160 2158
978 2010 2012 2086 2084
942 1936 1938 2012 2010
906 1862 1864 1938 1936
870 1788 1790 1864 1862
834 1714 1716 1790 1788
798 1640 1642 1716 1714
762 1566 1568 1642 1640
726 1492 1494 1568 1566
690 1418 1420 1494 1492
654 1344 1346 1420 1418
618 1270 1272 1346 1344
582 1196 1198 1272 1270
546 1122 1124 1198 1196
510 1048 1050 1124 1122
474 974 976 1050 1048
438 900 902 976 974
402 826 828 902 900
366 752 754 828 826
330 678 680 754 752
294 604 606 680 678
258 530 532 606 604
222 456 458 532 530
186 382 384 458 456
150 308 310 384 382
114 234 236 310 308
78 160 162 236 234
42 24 28 162 160
6 21 25 28 24
1265 2600 2602 2676 2674
1229 2526 2528 2602 2600
1193 2452 2454 2528 2526
1157 2378 2380 2454 2452
1121 2304 2306 2380 2378
1085 2230 2232 2306 2304
1049 2156 2158 2232 2230
1013 2082 2084 2158 2156
977 2008 2010 2084 2082
941 1934 1936 2010 2008
905 1860 1862 1936 1934
869 1786 1788 1862 1860
833 1712 1714 1788 1786
797 1638 1640 1714 1712
761 1564 1566 1640 1638
725 1490 1492 1566 1564
689 1416 1418 1492 1490
653 1342 1344 1418 1416
617 1268 1270 1344 1342
581 1194 1196 1270 1268
545 1120 1122 1196 1194
509 1046 1048 1122 1120
473 972 974 1048 1046
437 898 900 974 972
401 824 826 900 898
365 750 752 826 824
329 676 678 752 750
293 602 604 678 676
257 528 530 604 602
221 454 456 530 528
185 380 382 456 454
149 306 308 382 380
113 232 234 308 306
77 158 160 234 232
41 20 24 160 158
5 17 21 24 20
1264 2598 2600 2674 2672
1228 2524 2526 2600 2598
1192 2450 2452 2526 2524
1156 2376 2378 2452 2450
1120 2302 2304 2378 2376
1084 2228 2230 2304 2302
1048 2154 2156 2230 2228
1012 2080 2082 2156 2154
976 2006 2008 2082 2080
940 1932 1934 2008 2006
904 1858 1860 1934 1932
868 1784 1786 1860 1858
832 1710 1712 1786 1784
796 1636 1638 1712 1710
760 1562 1564 1638 1636
724 1488 1490 1564 1562
688 1414 1416 1490 1488
652 1340 1342 1416 1414
616 1266 1268 1342 1340
580 1192 1194 1268 1266
544 1118 1120 1194 1192
508 1044 1046 1120 1118
472 970 972 1046 1044
436 896 898 972 970
400 822 824 898 896
364 748 750 824 822
328 674 676 750 748
292 600 602 676 674
256 526 528 602 600
220 452 454 528 526
184 378 380 454 452
148 304 306 380 378
112 230 232 306 304
76 156 158 232 230
40 16 20 158 156
4 13 17 20 16
1263 2596 2598 2672 2670
1227 2522 2524 2598 2596
1191 2448 2450 2524 2522
1155 2374 2376 2450 2448
1119 2300 2302 2376 2374
1083 2226 2228 2302 2300
1047 2152 2154 2228 2226
1011 2078 2080 2154 2152
975 2004 2006 2080 2078
939 1930 1932 2006 2004
903 1856 1858 1932 1930
867 1782 1784 1858 1856
831 1708 1710 1784 1782
795 1634 1636 1710 1708
759 1560 1562 1636 1634
723 1486 1488 1562 1560
687 1412 1414 1488 1486
651 1338 1340 1414 1412
615 1264 1266 1340 1338
579 1190 1192 1266 1264
543 1116 1118 1192 1190
507 1042 1044 1118 1116
471 968 970 1044 1042
435 894 896 970 968
399 820 822 896 894
363 746 748 822 820
327 672 674 748 746
291 598 600 674 672
255 524 526 600 598
219 450 452 526 524
183 376 378 452 450
147 302 304 378 376
111 228 230 304 302
75 154 156 230 228
39 12 16 156 154
3 9 13 16 12
1262 2594 2596 2670 2668
1226 2520 2522 2596 2594
1190 2446 2448 2522 2520
1154 2372 2374 2448 2446
1118 2298 2300 2374 2372
1082 2224 2226 2300 2298
1046 2150 2152 2226 2224
1010 2076 2078 2152 2150
974 2002 2004 2078 2076
938 1928 1930 2004 2002
902 1854 1856 1930 1928
866 1780 1782 1856 1854
830 1706 1708 1782 1780
794 1632 1634 1708 1706
758 1558 1560 1634 1632
722 1484 1486 1560 1558
686 1410 1412 1486 1484
650 1336 1338 1412 1410
614 1262 1264 1338 1336
578 1188 1190 1264 1262
542 1114 1116 1190 1188
506 1040 1042 1116 1114
470 966 968 1042 1040
434 892 894 968 966
398 818 820 894 892
362 744 746 820 818
326 670 672 746 744
290 596 598 672 670
254 522 524 598 596
218 448 450 524 522
182 374 376 450 448
146 300 302 376 374
110 226 228 302 300
74 152 154 228 226
38 8 12 154 152
2 5 9 12 8
1261 2592 2594 2668 2666
1225 2518 2520 2594 2592
1189 2444 2446 2520 2518
1153 2370 2372 2446 2444
1117 2296 2298 2372 2370
1081 2222 2224 2298 2296
1045 2148 2150 2224 2222
1009 2074 2076 2150 2148
973 2000 2002 2076 2074
937 1926 1928 2002 2000
901 1852 1854 1928 1926
865 1778 1780 1854 1852
829 1704 1706 1780 1778
793 1630 1632 1706 1704
757 1556 1558 1632 1630
721 1482 1484 1558 1556
685 1408 1410 1484 1482
649 1334 1336 1410 1408
613 1260 1262 1336 1334
577 1186 1188 1262 1260
541 1112 1114 1188 1186
505 1038 1040 1114 1112
469 964 966 1040 1038
433 890 892 966 964
397 816 818 892 890
361 742 744 818 816
325 668 670 744 742
289 594 596 670 668
253 520 522 596 594
217 446 448 522 520
181 372 374 448 446
145 298 300 374 372
109 224 226 300 298
73 150 152 226 224
37 4 8 152 150
1 1 5 8 4
