1296
1 1 4 3 2
1297 2 3 2740 2739
2593 2739 2740 4109 4108
3889 4108 4109 5478 5477
5185 5477 5478 6847 6846
6481 6846 6847 8216 8215
7777 8215 8216 9585 9584
9073 9584 9585 10954 10953
10369 10953 10954 12323 12322
11665 12322 12323 13692 13691
12961 13691 13692 15061 15060
14257 15060 15061 16430 16429
15553 16429 16430 17799 17798
16849 17798 17799 19168 19167
18145 19167 19168 20537 20536
19441 20536 20537 21906 21905
20737 21905 21906 23275 23274
22033 23274 23275 24644 24643
23329 24643 24644 26013 26012
24625 26012 26013 27382 27381
25921 27381 27382 28751 28750
27217 28750 28751 30120 30119
28513 30119 30120 31489 31488
29809 31488 31489 32858 32857
31105 32857 32858 34227 34226
32401 34226 34227 35596 35595
33697 35595 35596 36965 36964
34993 36964 36965 38334 38333
36289 38333 38334 39703 39702
37585 39702 39703 41072 41071
38881 41071 41072 42441 42440
40177 42440 42441 43810 43809
41473 43809 43810 45179 45178
42769 45178 45179 46548 46547
44065 46547 46548 47917 47916
45361 47916 47917 49286 49285
37 4 150 149 3
1333 3 149 2813 2740
2629 2740 2813 4182 4109
3925 4109 4182 5551 5478
5221 5478 5551 6920 6847
6517 6847 6920 8289 8216
7813 8216 8289 9658 9585
9109 9585 9658 11027 10954
10405 10954 11027 12396 12323
11701 12323 12396 13765 13692
12997 13692 13765 15134 15061
14293 15061 15134 16503 16430
15589 16430 16503 17872 17799
16885 17799 17872 19241 19168
18181 19168 19241 20610 20537
19477 20537 20610 21979 21906
20773 21906 21979 23348 23275
22069 23275 23348 24717 24644
23365 24644 24717 26086 26013
24661 26013 26086 27455 27382
25957 27382 27455 28824 28751
27253 28751 28824 30193 30120
28549 30120 30193 31562 31489
29845 31489 31562 32931 32858
31141 32858 32931 34300 34227
32437 34227 34300 35669 35596
33733 35596 35669 37038 36965
35029 36965 37038 38407 38334
36325 38334 38407 39776 39703
37621 39703 39776 41145 41072
38917 41072 41145 42514 42441
40213 42441 42514 43883 43810
41509 43810 43883 45252 45179
42805 45179 45252 46621 46548
44101 46548 46621 47990 47917
45397 47917 47990 49359 49286
73 150 224 223 149
1369 149 223 2850 2813
2665 2813 2850 4219 4182
3961 4182 4219 5588 5551
5257 5551 5588 6957 6920
6553 6920 6957 8326 8289
7849 8289 8326 9695 9658
9145 9658 9695 11064 11027
10441 11027 11064 12433 12396
11737 12396 12433 13802 13765
13033 13765 13802 15171 15134
14329 15134 15171 16540 16503
15625 16503 16540 17909 17872
16921 17872 17909 19278 19241
18217 19241 19278 20647 20610
19513 20610 20647 22016 21979
20809 21979 22016 23385 23348
22105 23348 23385 24754 24717
23401 24717 24754 26123 26086
24697 26086 26123 27492 27455
25993 27455 27492 28861 28824
27289 28824 28861 30230 30193
28585 30193 30230 31599 31562
29881 31562 31599 32968 32931
31177 32931 32968 34337 34300
32473 34300 34337 35706 35669
33769 35669 35706 37075 37038
35065 37038 37075 38444 38407
36361 38407 38444 39813 39776
37657 39776 39813 41182 41145
38953 41145 41182 42551 42514
40249 42514 42551 43920 43883
41545 43883 43920 45289 45252
42841 45252 45289 46658 46621
44137 46621 46658 48027 47990
45433 47990 48027 49396 49359
109 224 298 297 223
1405 223 297 2887 2850
2701 2850 2887 4256 4219
3997 4219 4256 5625 5588
5293 5588 5625 6994 6957
6589 6957 6994 8363 8326
7885 8326 8363 9732 9695
9181 9695 9732 11101 11064
10477 11064 11101 12470 12433
11773 12433 12470 13839 13802
13069 13802 13839 15208 15171
14365 15171 15208 16577 16540
15661 16540 16577 17946 17909
16957 17909 17946 19315 19278
18253 19278 19315 20684 20647
19549 20647 20684 22053 22016
20845 22016 22053 23422 23385
22141 23385 23422 24791 24754
23437 24754 24791 26160 26123
24733 26123 26160 27529 27492
26029 27492 27529 28898 28861
27325 28861 28898 30267 30230
28621 30230 30267 31636 31599
29917 31599 31636 33005 32968
31213 32968 33005 34374 34337
32509 34337 34374 35743 35706
33805 35706 35743 37112 37075
35101 37075 37112 38481 38444
36397 38444 38481 39850 39813
37693 39813 39850 41219 41182
38989 41182 41219 42588 42551
40285 42551 42588 43957 43920
41581 43920 43957 45326 45289
42877 45289 45326 46695 46658
44173 46658 46695 48064 48027
45469 48027 48064 49433 49396
145 298 372 371 297
1441 297 371 2924 2887
2737 2887 2924 4293 4256
4033 4256 4293 5662 5625
5329 5625 5662 7031 6994
6625 6994 7031 8400 8363
7921 8363 8400 9769 9732
9217 9732 9769 11138 11101
10513 11101 11138 12507 12470
11809 12470 12507 13876 13839
13105 13839 13876 15245 15208
14401 15208 15245 16614 16577
15697 16577 16614 17983 17946
16993 17946 17983 19352 19315
18289 19315 19352 20721 20684
19585 20684 20721 22090 22053
20881 22053 22090 23459 23422
22177 23422 23459 24828 24791
23473 24791 24828 26197 26160
24769 26160 26197 27566 27529
26065 27529 27566 28935 28898
27361 28898 28935 30304 30267
28657 30267 30304 31673 31636
29953 31636 31673 33042 33005
31249 33005 33042 34411 34374
32545 34374 34411 35780 35743
33841 35743 35780 37149 37112
35137 37112 37149 38518 38481
36433 38481 38518 39887 39850
37729 39850 39887 41256 41219
39025 41219 41256 42625 42588
40321 42588 42625 43994 43957
41617 43957 43994 45363 45326
42913 45326 45363 46732 46695
44209 46695 46732 48101 48064
45505 48064 48101 49470 49433
181 372 446 445 371
1477 371 445 2961 2924
2773 2924 2961 4330 4293
4069 4293 4330 5699 5662
5365 5662 5699 7068 7031
6661 7031 7068 8437 8400
7957 8400 8437 9806 9769
9253 9769 9806 11175 11138
10549 11138 11175 12544 12507
11845 12507 12544 13913 13876
13141 13876 13913 15282 15245
14437 15245 15282 16651 16614
15733 16614 16651 18020 17983
17029 17983 18020 19389 19352
18325 19352 19389 20758 20721
19621 20721 20758 22127 22090
20917 22090 22127 23496 23459
22213 23459 23496 24865 24828
23509 24828 24865 26234 26197
24805 26197 26234 27603 27566
26101 27566 27603 28972 28935
27397 28935 28972 30341 30304
28693 30304 30341 31710 31673
29989 31673 31710 33079 33042
31285 33042 33079 34448 34411
32581 34411 34448 35817 35780
33877 35780 35817 37186 37149
35173 37149 37186 38555 38518
36469 38518 38555 39924 39887
37765 39887 39924 41293 41256
39061 41256 41293 42662 42625
40357 42625 42662 44031 43994
41653 43994 44031 45400 45363
42949 45363 45400 46769 46732
44245 46732 46769 48138 48101
45541 48101 48138 49507 49470
217 446 520 519 445
1513 445 519 2998 2961
2809 2961 2998 4367 4330
4105 4330 4367 5736 5699
5401 5699 5736 7105 7068
6697 7068 7105 8474 8437
7993 8437 8474 9843 9806
9289 9806 9843 11212 11175
10585 11175 11212 12581 12544
11881 12544 12581 13950 13913
13177 13913 13950 15319 15282
14473 15282 15319 16688 16651
15769 16651 16688 18057 18020
17065 18020 18057 19426 19389
18361 19389 19426 20795 20758
19657 20758 20795 22164 22127
20953 22127 22164 23533 23496
22249 23496 23533 24902 24865
23545 24865 24902 26271 26234
24841 26234 26271 27640 27603
26137 27603 27640 29009 28972
27433 28972 29009 30378 30341
28729 30341 30378 31747 31710
30025 31710 31747 33116 33079
31321 33079 33116 34485 34448
32617 34448 34485 35854 35817
33913 35817 35854 37223 37186
35209 37186 37223 38592 38555
36505 38555 38592 39961 39924
37801 39924 39961 41330 41293
39097 41293 41330 42699 42662
40393 42662 42699 44068 44031
41689 44031 44068 45437 45400
42985 45400 45437 46806 46769
44281 46769 46806 48175 48138
45577 48138 48175 49544 49507
253 520 594 593 519
1549 519 593 3035 2998
2845 2998 3035 4404 4367
4141 4367 4404 5773 5736
5437 5736 5773 7142 7105
6733 7105 7142 8511 8474
8029 8474 8511 9880 9843
9325 9843 9880 11249 11212
10621 11212 11249 12618 12581
11917 12581 12618 13987 13950
13213 13950 13987 15356 15319
14509 15319 15356 16725 16688
15805 16688 16725 18094 18057
17101 18057 18094 19463 19426
18397 19426 19463 20832 20795
19693 20795 20832 22201 22164
20989 22164 22201 23570 23533
22285 23533 23570 24939 24902
23581 24902 24939 26308 26271
24877 26271 26308 27677 27640
26173 27640 27677 29046 29009
27469 29009 29046 30415 30378
28765 30378 30415 31784 31747
30061 31747 31784 33153 33116
31357 33116 33153 34522 34485
32653 34485 34522 35891 35854
33949 35854 35891 37260 37223
35245 37223 37260 38629 38592
36541 38592 38629 39998 39961
37837 39961 39998 41367 41330
39133 41330 41367 42736 42699
40429 42699 42736 44105 44068
41725 44068 44105 45474 45437
43021 45437 45474 46843 46806
44317 46806 46843 48212 48175
45613 48175 48212 49581 49544
289 594 668 667 593
1585 593 667 3072 3035
2881 3035 3072 4441 4404
4177 4404 4441 5810 5773
5473 5773 5810 7179 7142
6769 7142 7179 8548 8511
8065 8511 8548 9917 9880
9361 9880 9917 11286 11249
10657 11249 11286 12655 12618
11953 12618 12655 14024 13987
13249 13987 14024 15393 15356
14545 15356 15393 16762 16725
15841 16725 16762 18131 18094
17137 18094 18131 19500 19463
18433 19463 19500 20869 20832
19729 20832 20869 22238 22201
21025 22201 22238 23607 23570
22321 23570 23607 24976 24939
23617 24939 24976 26345 26308
24913 26308 26345 27714 27677
26209 27677 27714 29083 29046
27505 29046 29083 30452 30415
28801 30415 30452 31821 31784
30097 31784 31821 33190 33153
31393 33153 33190 34559 34522
32689 34522 34559 35928 35891
33985 35891 35928 37297 37260
35281 37260 37297 38666 38629
36577 38629 38666 40035 39998
37873 39998 40035 41404 41367
39169 41367 41404 42773 42736
40465 42736 42773 44142 44105
41761 44105 44142 45511 45474
43057 45474 45511 46880 46843
44353 46843 46880 48249 48212
45649 48212 48249 49618 49581
325 668 742 741 667
1621 667 741 3109 3072
2917 3072 3109 4478 4441
4213 4441 4478 5847 5810
5509 5810 5847 7216 7179
6805 7179 7216 8585 8548
8101 8548 8585 9954 9917
9397 9917 9954 11323 11286
10693 11286 11323 12692 12655
11989 12655 12692 14061 14024
13285 14024 14061 15430 15393
14581 15393 15430 16799 16762
15877 16762 16799 18168 18131
17173 18131 18168 19537 19500
18469 19500 19537 20906 20869
19765 20869 20906 22275 22238
21061 22238 22275 23644 23607
22357 23607 23644 25013 24976
23653 24976 25013 26382 26345
24949 26345 26382 27751 27714
26245 27714 27751 29120 29083
27541 29083 29120 30489 30452
28837 30452 30489 31858 31821
30133 31821 31858 33227 33190
31429 33190 33227 34596 34559
32725 34559 34596 35965 35928
34021 35928 35965 37334 37297
35317 37297 37334 38703 38666
36613 38666 38703 40072 40035
37909 40035 40072 41441 41404
39205 41404 41441 42810 42773
40501 42773 42810 44179 44142
41797 44142 44179 45548 45511
43093 45511 45548 46917 46880
44389 46880 46917 48286 48249
45685 48249 48286 49655 49618
361 742 816 815 741
1657 741 815 3146 3109
2953 3109 3146 4515 4478
4249 4478 4515 5884 5847
5545 5847 5884 7253 7216
6841 7216 7253 8622 8585
8137 8585 8622 9991 9954
9433 9954 9991 11360 11323
10729 11323 11360 12729 12692
12025 12692 12729 14098 14061
13321 14061 14098 15467 15430
14617 15430 15467 16836 16799
15913 16799 16836 18205 18168
17209 18168 18205 19574 19537
18505 19537 19574 20943 20906
19801 20906 20943 22312 22275
21097 22275 22312 23681 23644
22393 23644 23681 25050 25013
23689 25013 25050 26419 26382
24985 26382 26419 27788 27751
26281 27751 27788 29157 29120
27577 29120 29157 30526 30489
28873 30489 30526 31895 31858
30169 31858 31895 33264 33227
31465 33227 33264 34633 34596
32761 34596 34633 36002 35965
34057 35965 36002 37371 37334
35353 37334 37371 38740 38703
36649 38703 38740 40109 40072
37945 40072 40109 41478 41441
39241 41441 41478 42847 42810
40537 42810 42847 44216 44179
41833 44179 44216 45585 45548
43129 45548 45585 46954 46917
44425 46917 46954 48323 48286
45721 48286 48323 49692 49655
397 816 890 889 815
1693 815 889 3183 3146
2989 3146 3183 4552 4515
4285 4515 4552 5921 5884
5581 5884 5921 7290 7253
6877 7253 7290 8659 8622
8173 8622 8659 10028 9991
9469 9991 10028 11397 11360
10765 11360 11397 12766 12729
12061 12729 12766 14135 14098
13357 14098 14135 15504 15467
14653 15467 15504 16873 16836
15949 16836 16873 18242 18205
17245 18205 18242 19611 19574
18541 19574 19611 20980 20943
19837 20943 20980 22349 22312
21133 22312 22349 23718 23681
22429 23681 23718 25087 25050
23725 25050 25087 26456 26419
25021 26419 26456 27825 27788
26317 27788 27825 29194 29157
27613 29157 29194 30563 30526
28909 30526 30563 31932 31895
30205 31895 31932 33301 33264
31501 33264 33301 34670 34633
32797 34633 34670 36039 36002
34093 36002 36039 37408 37371
35389 37371 37408 38777 38740
36685 38740 38777 40146 40109
37981 40109 40146 41515 41478
39277 41478 41515 42884 42847
40573 42847 42884 44253 44216
41869 44216 44253 45622 45585
43165 45585 45622 46991 46954
44461 46954 46991 48360 48323
45757 48323 48360 49729 49692
433 890 964 963 889
1729 889 963 3220 3183
3025 3183 3220 4589 4552
4321 4552 4589 5958 5921
5617 5921 5958 7327 7290
6913 7290 7327 8696 8659
8209 8659 8696 10065 10028
9505 10028 10065 11434 11397
10801 11397 11434 12803 12766
12097 12766 12803 14172 14135
13393 14135 14172 15541 15504
14689 15504 15541 16910 16873
15985 16873 16910 18279 18242
17281 18242 18279 19648 19611
18577 19611 19648 21017 20980
19873 20980 21017 22386 22349
21169 22349 22386 23755 23718
22465 23718 23755 25124 25087
23761 25087 25124 26493 26456
25057 26456 26493 27862 27825
26353 27825 27862 29231 29194
27649 29194 29231 30600 30563
28945 30563 30600 31969 31932
30241 31932 31969 33338 33301
31537 33301 33338 34707 34670
32833 34670 34707 36076 36039
34129 36039 36076 37445 37408
35425 37408 37445 38814 38777
36721 38777 38814 40183 40146
38017 40146 40183 41552 41515
39313 41515 41552 42921 42884
40609 42884 42921 44290 44253
41905 44253 44290 45659 45622
43201 45622 45659 47028 46991
44497 46991 47028 48397 48360
45793 48360 48397 49766 49729
469 964 1038 1037 963
1765 963 1037 3257 3220
3061 3220 3257 4626 4589
4357 4589 4626 5995 5958
5653 5958 5995 7364 7327
6949 7327 7364 8733 8696
8245 8696 8733 10102 10065
9541 10065 10102 11471 11434
10837 11434 11471 12840 12803
12133 12803 12840 14209 14172
13429 14172 14209 15578 15541
14725 15541 15578 16947 16910
16021 16910 16947 18316 18279
17317 18279 18316 19685 19648
18613 19648 19685 21054 21017
19909 21017 21054 22423 22386
21205 22386 22423 23792 23755
22501 23755 23792 25161 25124
23797 25124 25161 26530 26493
25093 26493 26530 27899 27862
26389 27862 27899 29268 29231
27685 29231 29268 30637 30600
28981 30600 30637 32006 31969
30277 31969 32006 33375 33338
31573 33338 33375 34744 34707
32869 34707 34744 36113 36076
34165 36076 36113 37482 37445
35461 37445 37482 38851 38814
36757 38814 38851 40220 40183
38053 40183 40220 41589 41552
39349 41552 41589 42958 42921
40645 42921 42958 44327 44290
41941 44290 44327 45696 45659
43237 45659 45696 47065 47028
44533 47028 47065 48434 48397
45829 48397 48434 49803 49766
505 1038 1112 1111 1037
1801 1037 1111 3294 3257
3097 3257 3294 4663 4626
4393 4626 4663 6032 5995
5689 5995 6032 7401 7364
6985 7364 7401 8770 8733
8281 8733 8770 10139 10102
9577 10102 10139 11508 11471
10873 11471 11508 12877 12840
12169 12840 12877 14246 14209
13465 14209 14246 15615 15578
14761 15578 15615 16984 16947
16057 16947 16984 18353 18316
17353 18316 18353 19722 19685
18649 19685 19722 21091 21054
19945 21054 21091 22460 22423
21241 22423 22460 23829 23792
22537 23792 23829 25198 25161
23833 25161 25198 26567 26530
25129 26530 26567 27936 27899
26425 27899 27936 29305 29268
27721 29268 29305 30674 30637
29017 30637 30674 32043 32006
30313 32006 32043 33412 33375
31609 33375 33412 34781 34744
32905 34744 34781 36150 36113
34201 36113 36150 37519 37482
35497 37482 37519 38888 38851
36793 38851 38888 40257 40220
38089 40220 40257 41626 41589
39385 41589 41626 42995 42958
40681 42958 42995 44364 44327
41977 44327 44364 45733 45696
43273 45696 45733 47102 47065
44569 47065 47102 48471 48434
45865 48434 48471 49840 49803
541 1112 1186 1185 1111
1837 1111 1185 3331 3294
3133 3294 3331 4700 4663
4429 4663 4700 6069 6032
5725 6032 6069 7438 7401
7021 7401 7438 8807 8770
8317 8770 8807 10176 10139
9613 10139 10176 11545 11508
10909 11508 11545 12914 12877
12205 12877 12914 14283 14246
13501 14246 14283 15652 15615
14797 15615 15652 17021 16984
16093 16984 17021 18390 18353
17389 18353 18390 19759 19722
18685 19722 19759 21128 21091
19981 21091 21128 22497 22460
21277 22460 22497 23866 23829
22573 23829 23866 25235 25198
23869 25198 25235 26604 26567
25165 26567 26604 27973 27936
26461 27936 27973 29342 29305
27757 29305 29342 30711 30674
29053 30674 30711 32080 32043
30349 32043 32080 33449 33412
31645 33412 33449 34818 34781
32941 34781 34818 36187 36150
34237 36150 36187 37556 37519
35533 37519 37556 38925 38888
36829 38888 38925 40294 40257
38125 40257 40294 41663 41626
39421 41626 41663 43032 42995
40717 42995 43032 44401 44364
42013 44364 44401 45770 45733
43309 45733 45770 47139 47102
44605 47102 47139 48508 48471
45901 48471 48508 49877 49840
577 1186 1260 1259 1185
1873 1185 1259 3368 3331
3169 3331 3368 4737 4700
4465 4700 4737 6106 6069
5761 6069 6106 7475 7438
7057 7438 7475 8844 8807
8353 8807 8844 10213 10176
9649 10176 10213 11582 11545
10945 11545 11582 12951 12914
12241 12914 12951 14320 14283
13537 14283 14320 15689 15652
14833 15652 15689 17058 17021
16129 17021 17058 18427 18390
17425 18390 18427 19796 19759
18721 19759 19796 21165 21128
20017 21128 21165 22534 22497
21313 22497 22534 23903 23866
22609 23866 23903 25272 25235
23905 25235 25272 26641 26604
25201 26604 26641 28010 27973
26497 27973 28010 29379 29342
27793 29342 29379 30748 30711
29089 30711 30748 32117 32080
30385 32080 32117 33486 33449
31681 33449 33486 34855 34818
32977 34818 34855 36224 36187
34273 36187 36224 37593 37556
35569 37556 37593 38962 38925
36865 38925 38962 40331 40294
38161 40294 40331 41700 41663
39457 41663 41700 43069 43032
40753 43032 43069 44438 44401
42049 44401 44438 45807 45770
43345 45770 45807 47176 47139
44641 47139 47176 48545 48508
45937 48508 48545 49914 49877
613 1260 1334 1333 1259
1909 1259 1333 3405 3368
3205 3368 3405 4774 4737
4501 4737 4774 6143 6106
5797 6106 6143 7512 7475
7093 7475 7512 8881 8844
8389 8844 8881 10250 10213
9685 10213 10250 11619 11582
10981 11582 11619 12988 12951
12277 12951 12988 14357 14320
13573 14320 14357 15726 15689
14869 15689 15726 17095 17058
16165 17058 17095 18464 18427
17461 18427 18464 19833 19796
18757 19796 19833 21202 21165
20053 21165 21202 22571 22534
21349 22534 22571 23940 23903
22645 23903 23940 25309 25272
23941 25272 25309 26678 26641
25237 26641 26678 28047 28010
26533 28010 28047 29416 29379
27829 29379 29416 30785 30748
29125 30748 30785 32154 32117
30421 32117 32154 33523 33486
31717 33486 33523 34892 34855
33013 34855 34892 36261 36224
34309 36224 36261 37630 37593
35605 37593 37630 38999 38962
36901 38962 38999 40368 40331
38197 40331 40368 41737 41700
39493 41700 41737 43106 43069
40789 43069 43106 44475 44438
42085 44438 44475 45844 45807
43381 45807 45844 47213 47176
44677 47176 47213 48582 48545
45973 48545 48582 49951 49914
649 1334 1408 1407 1333
1945 1333 1407 3442 3405
3241 3405 3442 4811 4774
4537 4774 4811 6180 6143
5833 6143 6180 7549 7512
7129 7512 7549 8918 8881
8425 8881 8918 10287 10250
9721 10250 10287 11656 11619
11017 11619 11656 13025 12988
12313 12988 13025 14394 14357
13609 14357 14394 15763 15726
14905 15726 15763 17132 17095
16201 17095 17132 18501 18464
17497 18464 18501 19870 19833
18793 19833 19870 21239 21202
20089 21202 21239 22608 22571
21385 22571 22608 23977 23940
22681 23940 23977 25346 25309
23977 25309 25346 26715 26678
25273 26678 26715 28084 28047
26569 28047 28084 29453 29416
27865 29416 29453 30822 30785
29161 30785 30822 32191 32154
30457 32154 32191 33560 33523
31753 33523 33560 34929 34892
33049 34892 34929 36298 36261
34345 36261 36298 37667 37630
35641 37630 37667 39036 38999
36937 38999 39036 40405 40368
38233 40368 40405 41774 41737
39529 41737 41774 43143 43106
40825 43106 43143 44512 44475
42121 44475 44512 45881 45844
43417 45844 45881 47250 47213
44713 47213 47250 48619 48582
46009 48582 48619 49988 49951
685 1408 1482 1481 1407
1981 1407 1481 3479 3442
3277 3442 3479 4848 4811
4573 4811 4848 6217 6180
5869 6180 6217 7586 7549
7165 7549 7586 8955 8918
8461 8918 8955 10324 10287
9757 10287 10324 11693 11656
11053 11656 11693 13062 13025
12349 13025 13062 14431 14394
13645 14394 14431 15800 15763
14941 15763 15800 17169 17132
16237 17132 17169 18538 18501
17533 18501 18538 19907 19870
18829 19870 19907 21276 21239
20125 21239 21276 22645 22608
21421 22608 22645 24014 23977
22717 23977 24014 25383 25346
24013 25346 25383 26752 26715
25309 26715 26752 28121 28084
26605 28084 28121 29490 29453
27901 29453 29490 30859 30822
29197 30822 30859 32228 32191
30493 32191 32228 33597 33560
31789 33560 33597 34966 34929
33085 34929 34966 36335 36298
34381 36298 36335 37704 37667
35677 37667 37704 39073 39036
36973 39036 39073 40442 40405
38269 40405 40442 41811 41774
39565 41774 41811 43180 43143
40861 43143 43180 44549 44512
42157 44512 44549 45918 45881
43453 45881 45918 47287 47250
44749 47250 47287 48656 48619
46045 48619 48656 50025 49988
721 1482 1556 1555 1481
2017 1481 1555 3516 3479
3313 3479 3516 4885 4848
4609 4848 4885 6254 6217
5905 6217 6254 7623 7586
7201 7586 7623 8992 8955
8497 8955 8992 10361 10324
9793 10324 10361 11730 11693
11089 11693 11730 13099 13062
12385 13062 13099 14468 14431
13681 14431 14468 15837 15800
14977 15800 15837 17206 17169
16273 17169 17206 18575 18538
17569 18538 18575 19944 19907
18865 19907 19944 21313 21276
20161 21276 21313 22682 22645
21457 22645 22682 24051 24014
22753 24014 24051 25420 25383
24049 25383 25420 26789 26752
25345 26752 26789 28158 28121
26641 28121 28158 29527 29490
27937 29490 29527 30896 30859
29233 30859 30896 32265 32228
30529 32228 32265 33634 33597
31825 33597 33634 35003 34966
33121 34966 35003 36372 36335
34417 36335 36372 37741 37704
35713 37704 37741 39110 39073
37009 39073 39110 40479 40442
38305 40442 40479 41848 41811
39601 41811 41848 43217 43180
40897 43180 43217 44586 44549
42193 44549 44586 45955 45918
43489 45918 45955 47324 47287
44785 47287 47324 48693 48656
46081 48656 48693 50062 50025
757 1556 1630 1629 1555
2053 1555 1629 3553 3516
3349 3516 3553 4922 4885
4645 4885 4922 6291 6254
5941 6254 6291 7660 7623
7237 7623 7660 9029 8992
8533 8992 9029 10398 10361
9829 10361 10398 11767 11730
11125 11730 11767 13136 13099
12421 13099 13136 14505 14468
13717 14468 14505 15874 15837
15013 15837 15874 17243 17206
16309 17206 17243 18612 18575
17605 18575 18612 19981 19944
18901 19944 19981 21350 21313
20197 21313 21350 22719 22682
21493 22682 22719 24088 24051
22789 24051 24088 25457 25420
24085 25420 25457 26826 26789
25381 26789 26826 28195 28158
26677 28158 28195 29564 29527
27973 29527 29564 30933 30896
29269 30896 30933 32302 32265
30565 32265 32302 33671 33634
31861 33634 33671 35040 35003
33157 35003 35040 36409 36372
34453 36372 36409 37778 37741
35749 37741 37778 39147 39110
37045 39110 39147 40516 40479
38341 40479 40516 41885 41848
39637 41848 41885 43254 43217
40933 43217 43254 44623 44586
42229 44586 44623 45992 45955
43525 45955 45992 47361 47324
44821 47324 47361 48730 48693
46117 48693 48730 50099 50062
793 1630 1704 1703 1629
2089 1629 1703 3590 3553
3385 3553 3590 4959 4922
4681 4922 4959 6328 6291
5977 6291 6328 7697 7660
7273 7660 7697 9066 9029
8569 9029 9066 10435 10398
9865 10398 10435 11804 11767
11161 11767 11804 13173 13136
12457 13136 13173 14542 14505
13753 14505 14542 15911 15874
15049 15874 15911 17280 17243
16345 17243 17280 18649 18612
17641 18612 18649 20018 19981
18937 19981 20018 21387 21350
20233 21350 21387 22756 22719
21529 22719 22756 24125 24088
22825 24088 24125 25494 25457
24121 25457 25494 26863 26826
25417 26826 26863 28232 28195
26713 28195 28232 29601 29564
28009 29564 29601 30970 30933
29305 30933 30970 32339 32302
30601 32302 32339 33708 33671
31897 33671 33708 35077 35040
33193 35040 35077 36446 36409
34489 36409 36446 37815 37778
35785 37778 37815 39184 39147
37081 39147 39184 40553 40516
38377 40516 40553 41922 41885
39673 41885 41922 43291 43254
40969 43254 43291 44660 44623
42265 44623 44660 46029 45992
43561 45992 46029 47398 47361
44857 47361 47398 48767 48730
46153 48730 48767 50136 50099
829 1704 1778 1777 1703
2125 1703 1777 3627 3590
3421 3590 3627 4996 4959
4717 4959 4996 6365 6328
6013 6328 6365 7734 7697
7309 7697 7734 9103 9066
8605 9066 9103 10472 10435
9901 10435 10472 11841 11804
11197 11804 11841 13210 13173
12493 13173 13210 14579 14542
13789 14542 14579 15948 15911
15085 15911 15948 17317 17280
16381 17280 17317 18686 18649
17677 18649 18686 20055 20018
18973 20018 20055 21424 21387
20269 21387 21424 22793 22756
21565 22756 22793 24162 24125
22861 24125 24162 25531 25494
24157 25494 25531 26900 26863
25453 26863 26900 28269 28232
26749 28232 28269 29638 29601
28045 29601 29638 31007 30970
29341 30970 31007 32376 32339
30637 32339 32376 33745 33708
31933 33708 33745 35114 35077
33229 35077 35114 36483 36446
34525 36446 36483 37852 37815
35821 37815 37852 39221 39184
37117 39184 39221 40590 40553
38413 40553 40590 41959 41922
39709 41922 41959 43328 43291
41005 43291 43328 44697 44660
42301 44660 44697 46066 46029
43597 46029 46066 47435 47398
44893 47398 47435 48804 48767
46189 48767 48804 50173 50136
865 1778 1852 1851 1777
2161 1777 1851 3664 3627
3457 3627 3664 5033 4996
4753 4996 5033 6402 6365
6049 6365 6402 7771 7734
7345 7734 7771 9140 9103
8641 9103 9140 10509 10472
9937 10472 10509 11878 11841
11233 11841 11878 13247 13210
12529 13210 13247 14616 14579
13825 14579 14616 15985 15948
15121 15948 15985 17354 17317
16417 17317 17354 18723 18686
17713 18686 18723 20092 20055
19009 20055 20092 21461 21424
20305 21424 21461 22830 22793
21601 22793 22830 24199 24162
22897 24162 24199 25568 25531
24193 25531 25568 26937 26900
25489 26900 26937 28306 28269
26785 28269 28306 29675 29638
28081 29638 29675 31044 31007
29377 31007 31044 32413 32376
30673 32376 32413 33782 33745
31969 33745 33782 35151 35114
33265 35114 35151 36520 36483
34561 36483 36520 37889 37852
35857 37852 37889 39258 39221
37153 39221 39258 40627 40590
38449 40590 40627 41996 41959
39745 41959 41996 43365 43328
41041 43328 43365 44734 44697
42337 44697 44734 46103 46066
43633 46066 46103 47472 47435
44929 47435 47472 48841 48804
46225 48804 48841 50210 50173
901 1852 1926 1925 1851
2197 1851 1925 3701 3664
3493 3664 3701 5070 5033
4789 5033 5070 6439 6402
6085 6402 6439 7808 7771
7381 7771 7808 9177 9140
8677 9140 9177 10546 10509
9973 10509 10546 11915 11878
11269 11878 11915 13284 13247
12565 13247 13284 14653 14616
13861 14616 14653 16022 15985
15157 15985 16022 17391 17354
16453 17354 17391 18760 18723
17749 18723 18760 20129 20092
19045 20092 20129 21498 21461
20341 21461 21498 22867 22830
21637 22830 22867 24236 24199
22933 24199 24236 25605 25568
24229 25568 25605 26974 26937
25525 26937 26974 28343 28306
26821 28306 28343 29712 29675
28117 29675 29712 31081 31044
29413 31044 31081 32450 32413
30709 32413 32450 33819 33782
32005 33782 33819 35188 35151
33301 35151 35188 36557 36520
34597 36520 36557 37926 37889
35893 37889 37926 39295 39258
37189 39258 39295 40664 40627
38485 40627 40664 42033 41996
39781 41996 42033 43402 43365
41077 43365 43402 44771 44734
42373 44734 44771 46140 46103
43669 46103 46140 47509 47472
44965 47472 47509 48878 48841
46261 48841 48878 50247 50210
937 1926 2000 1999 1925
2233 1925 1999 3738 3701
3529 3701 3738 5107 5070
4825 5070 5107 6476 6439
6121 6439 6476 7845 7808
7417 7808 7845 9214 9177
8713 9177 9214 10583 10546
10009 10546 10583 11952 11915
11305 11915 11952 13321 13284
12601 13284 13321 14690 14653
13897 14653 14690 16059 16022
15193 16022 16059 17428 17391
16489 17391 17428 18797 18760
17785 18760 18797 20166 20129
19081 20129 20166 21535 21498
20377 21498 21535 22904 22867
21673 22867 22904 24273 24236
22969 24236 24273 25642 25605
24265 25605 25642 27011 26974
25561 26974 27011 28380 28343
26857 28343 28380 29749 29712
28153 29712 29749 31118 31081
29449 31081 31118 32487 32450
30745 32450 32487 33856 33819
32041 33819 33856 35225 35188
33337 35188 35225 36594 36557
34633 36557 36594 37963 37926
35929 37926 37963 39332 39295
37225 39295 39332 40701 40664
38521 40664 40701 42070 42033
39817 42033 42070 43439 43402
41113 43402 43439 44808 44771
42409 44771 44808 46177 46140
43705 46140 46177 47546 47509
45001 47509 47546 48915 48878
46297 48878 48915 50284 50247
973 2000 2074 2073 1999
2269 1999 2073 3775 3738
3565 3738 3775 5144 5107
4861 5107 5144 6513 6476
6157 6476 6513 7882 7845
7453 7845 7882 9251 9214
8749 9214 9251 10620 10583
10045 10583 10620 11989 11952
11341 11952 11989 13358 13321
12637 13321 13358 14727 14690
13933 14690 14727 16096 16059
15229 16059 16096 17465 17428
16525 17428 17465 18834 18797
17821 18797 18834 20203 20166
19117 20166 20203 21572 21535
20413 21535 21572 22941 22904
21709 22904 22941 24310 24273
23005 24273 24310 25679 25642
24301 25642 25679 27048 27011
25597 27011 27048 28417 28380
26893 28380 28417 29786 29749
28189 29749 29786 31155 31118
29485 31118 31155 32524 32487
30781 32487 32524 33893 33856
32077 33856 33893 35262 35225
33373 35225 35262 36631 36594
34669 36594 36631 38000 37963
35965 37963 38000 39369 39332
37261 39332 39369 40738 40701
38557 40701 40738 42107 42070
39853 42070 42107 43476 43439
41149 43439 43476 44845 44808
42445 44808 44845 46214 46177
43741 46177 46214 47583 47546
45037 47546 47583 48952 48915
46333 48915 48952 50321 50284
1009 2074 2148 2147 2073
2305 2073 2147 3812 3775
3601 3775 3812 5181 5144
4897 5144 5181 6550 6513
6193 6513 6550 7919 7882
7489 7882 7919 9288 9251
8785 9251 9288 10657 10620
10081 10620 10657 12026 11989
11377 11989 12026 13395 13358
12673 13358 13395 14764 14727
13969 14727 14764 16133 16096
15265 16096 16133 17502 17465
16561 17465 17502 18871 18834
17857 18834 18871 20240 20203
19153 20203 20240 21609 21572
20449 21572 21609 22978 22941
21745 22941 22978 24347 24310
23041 24310 24347 25716 25679
24337 25679 25716 27085 27048
25633 27048 27085 28454 28417
26929 28417 28454 29823 29786
28225 29786 29823 31192 31155
29521 31155 31192 32561 32524
30817 32524 32561 33930 33893
32113 33893 33930 35299 35262
33409 35262 35299 36668 36631
34705 36631 36668 38037 38000
36001 38000 38037 39406 39369
37297 39369 39406 40775 40738
38593 40738 40775 42144 42107
39889 42107 42144 43513 43476
41185 43476 43513 44882 44845
42481 44845 44882 46251 46214
43777 46214 46251 47620 47583
45073 47583 47620 48989 48952
46369 48952 48989 50358 50321
1045 2148 2222 2221 2147
2341 2147 2221 3849 3812
3637 3812 3849 5218 5181
4933 5181 5218 6587 6550
6229 6550 6587 7956 7919
7525 7919 7956 9325 9288
8821 9288 9325 10694 10657
10117 10657 10694 12063 12026
11413 12026 12063 13432 13395
12709 13395 13432 14801 14764
14005 14764 14801 16170 16133
15301 16133 16170 17539 17502
16597 17502 17539 18908 18871
17893 18871 18908 20277 20240
19189 20240 20277 21646 21609
20485 21609 21646 23015 22978
21781 22978 23015 24384 24347
23077 24347 24384 25753 25716
24373 25716 25753 27122 27085
25669 27085 27122 28491 28454
26965 28454 28491 29860 29823
28261 29823 29860 31229 31192
29557 31192 31229 32598 32561
30853 32561 32598 33967 33930
32149 33930 33967 35336 35299
33445 35299 35336 36705 36668
34741 36668 36705 38074 38037
36037 38037 38074 39443 39406
37333 39406 39443 40812 40775
38629 40775 40812 42181 42144
39925 42144 42181 43550 43513
41221 43513 43550 44919 44882
42517 44882 44919 46288 46251
43813 46251 46288 47657 47620
45109 47620 47657 49026 48989
46405 48989 49026 50395 50358
1081 2222 2296 2295 2221
2377 2221 2295 3886 3849
3673 3849 3886 5255 5218
4969 5218 5255 6624 6587
6265 6587 6624 7993 7956
7561 7956 7993 9362 9325
8857 9325 9362 10731 10694
10153 10694 10731 12100 12063
11449 12063 12100 13469 13432
12745 13432 13469 14838 14801
14041 14801 14838 16207 16170
15337 16170 16207 17576 17539
16633 17539 17576 18945 18908
17929 18908 18945 20314 20277
19225 20277 20314 21683 21646
20521 21646 21683 23052 23015
21817 23015 23052 24421 24384
23113 24384 24421 25790 25753
24409 25753 25790 27159 27122
25705 27122 27159 28528 28491
27001 28491 28528 29897 29860
28297 29860 29897 31266 31229
29593 31229 31266 32635 32598
30889 32598 32635 34004 33967
32185 33967 34004 35373 35336
33481 35336 35373 36742 36705
34777 36705 36742 38111 38074
36073 38074 38111 39480 39443
37369 39443 39480 40849 40812
38665 40812 40849 42218 42181
39961 42181 42218 43587 43550
41257 43550 43587 44956 44919
42553 44919 44956 46325 46288
43849 46288 46325 47694 47657
45145 47657 47694 49063 49026
46441 49026 49063 50432 50395
1117 2296 2370 2369 2295
2413 2295 2369 3923 3886
3709 3886 3923 5292 5255
5005 5255 5292 6661 6624
6301 6624 6661 8030 7993
7597 7993 8030 9399 9362
8893 9362 9399 10768 10731
10189 10731 10768 12137 12100
11485 12100 12137 13506 13469
12781 13469 13506 14875 14838
14077 14838 14875 16244 16207
15373 16207 16244 17613 17576
16669 17576 17613 18982 18945
17965 18945 18982 20351 20314
19261 20314 20351 21720 21683
20557 21683 21720 23089 23052
21853 23052 23089 24458 24421
23149 24421 24458 25827 25790
24445 25790 25827 27196 27159
25741 27159 27196 28565 28528
27037 28528 28565 29934 29897
28333 29897 29934 31303 31266
29629 31266 31303 32672 32635
30925 32635 32672 34041 34004
32221 34004 34041 35410 35373
33517 35373 35410 36779 36742
34813 36742 36779 38148 38111
36109 38111 38148 39517 39480
37405 39480 39517 40886 40849
38701 40849 40886 42255 42218
39997 42218 42255 43624 43587
41293 43587 43624 44993 44956
42589 44956 44993 46362 46325
43885 46325 46362 47731 47694
45181 47694 47731 49100 49063
46477 49063 49100 50469 50432
1153 2370 2444 2443 2369
2449 2369 2443 3960 3923
3745 3923 3960 5329 5292
5041 5292 5329 6698 6661
6337 6661 6698 8067 8030
7633 8030 8067 9436 9399
8929 9399 9436 10805 10768
10225 10768 10805 12174 12137
11521 12137 12174 13543 13506
12817 13506 13543 14912 14875
14113 14875 14912 16281 16244
15409 16244 16281 17650 17613
16705 17613 17650 19019 18982
18001 18982 19019 20388 20351
19297 20351 20388 21757 21720
20593 21720 21757 23126 23089
21889 23089 23126 24495 24458
23185 24458 24495 25864 25827
24481 25827 25864 27233 27196
25777 27196 27233 28602 28565
27073 28565 28602 29971 29934
28369 29934 29971 31340 31303
29665 31303 31340 32709 32672
30961 32672 32709 34078 34041
32257 34041 34078 35447 35410
33553 35410 35447 36816 36779
34849 36779 36816 38185 38148
36145 38148 38185 39554 39517
37441 39517 39554 40923 40886
38737 40886 40923 42292 42255
40033 42255 42292 43661 43624
41329 43624 43661 45030 44993
42625 44993 45030 46399 46362
43921 46362 46399 47768 47731
45217 47731 47768 49137 49100
46513 49100 49137 50506 50469
1189 2444 2518 2517 2443
2485 2443 2517 3997 3960
3781 3960 3997 5366 5329
5077 5329 5366 6735 6698
6373 6698 6735 8104 8067
7669 8067 8104 9473 9436
8965 9436 9473 10842 10805
10261 10805 10842 12211 12174
11557 12174 12211 13580 13543
12853 13543 13580 14949 14912
14149 14912 14949 16318 16281
15445 16281 16318 17687 17650
16741 17650 17687 19056 19019
18037 19019 19056 20425 20388
19333 20388 20425 21794 21757
20629 21757 21794 23163 23126
21925 23126 23163 24532 24495
23221 24495 24532 25901 25864
24517 25864 25901 27270 27233
25813 27233 27270 28639 28602
27109 28602 28639 30008 29971
28405 29971 30008 31377 31340
29701 31340 31377 32746 32709
30997 32709 32746 34115 34078
32293 34078 34115 35484 35447
33589 35447 35484 36853 36816
34885 36816 36853 38222 38185
36181 38185 38222 39591 39554
37477 39554 39591 40960 40923
38773 40923 40960 42329 42292
40069 42292 42329 43698 43661
41365 43661 43698 45067 45030
42661 45030 45067 46436 46399
43957 46399 46436 47805 47768
45253 47768 47805 49174 49137
46549 49137 49174 50543 50506
1225 2518 2592 2591 2517
2521 2517 2591 4034 3997
3817 3997 4034 5403 5366
5113 5366 5403 6772 6735
6409 6735 6772 8141 8104
7705 8104 8141 9510 9473
9001 9473 9510 10879 10842
10297 10842 10879 12248 12211
11593 12211 12248 13617 13580
12889 13580 13617 14986 14949
14185 14949 14986 16355 16318
15481 16318 16355 17724 17687
16777 17687 17724 19093 19056
18073 19056 19093 20462 20425
19369 20425 20462 21831 21794
20665 21794 21831 23200 23163
21961 23163 23200 24569 24532
23257 24532 24569 25938 25901
24553 25901 25938 27307 27270
25849 27270 27307 28676 28639
27145 28639 28676 30045 30008
28441 30008 30045 31414 31377
29737 31377 31414 32783 32746
31033 32746 32783 34152 34115
32329 34115 34152 35521 35484
33625 35484 35521 36890 36853
34921 36853 36890 38259 38222
36217 38222 38259 39628 39591
37513 39591 39628 40997 40960
38809 40960 40997 42366 42329
40105 42329 42366 43735 43698
41401 43698 43735 45104 45067
42697 45067 45104 46473 46436
43993 46436 46473 47842 47805
45289 47805 47842 49211 49174
46585 49174 49211 50580 50543
1261 2592 2666 2665 2591
2557 2591 2665 4071 4034
3853 4034 4071 5440 5403
5149 5403 5440 6809 6772
6445 6772 6809 8178 8141
7741 8141 8178 9547 9510
9037 9510 9547 10916 10879
10333 10879 10916 12285 12248
11629 12248 12285 13654 13617
12925 13617 13654 15023 14986
14221 14986 15023 16392 16355
15517 16355 16392 17761 17724
16813 17724 17761 19130 19093
18109 19093 19130 20499 20462
19405 20462 20499 21868 21831
20701 21831 21868 23237 23200
21997 23200 23237 24606 24569
23293 24569 24606 25975 25938
24589 25938 25975 27344 27307
25885 27307 27344 28713 28676
27181 28676 28713 30082 30045
28477 30045 30082 31451 31414
29773 31414 31451 32820 32783
31069 32783 32820 34189 34152
32365 34152 34189 35558 35521
33661 35521 35558 36927 36890
34957 36890 36927 38296 38259
36253 38259 38296 39665 39628
37549 39628 39665 41034 40997
38845 40997 41034 42403 42366
40141 42366 42403 43772 43735
41437 43735 43772 45141 45104
42733 45104 45141 46510 46473
44029 46473 46510 47879 47842
45325 47842 47879 49248 49211
46621 49211 49248 50617 50580
